Region,Year,Month,MonthId,Zip_Listings_PriceCut_SeasAdj_AllHomes,Zip_Listings_PriceCut_SeasAdj_Condominum,Zip_Listings_PriceCut_SeasAdj_SingleFamilyResidence,Zip_MedianListingPricePerSqft_1Bedroom,Zip_MedianListingPricePerSqft_2Bedroom,Zip_MedianListingPricePerSqft_3Bedroom,Zip_MedianListingPricePerSqft_4Bedroom,Zip_MedianListingPricePerSqft_5BedroomOrMore,Zip_MedianListingPricePerSqft_AllHomes,Zip_MedianListingPricePerSqft_CondoCoop,Zip_MedianListingPricePerSqft_DuplexTriplex,Zip_MedianListingPricePerSqft_Sfr,Zip_MedianListingPrice_1Bedroom,Zip_MedianListingPrice_2Bedroom,Zip_MedianListingPrice_3Bedroom,Zip_MedianListingPrice_4Bedroom,Zip_MedianListingPrice_5BedroomOrMore,Zip_MedianListingPrice_AllHomes,Zip_MedianListingPrice_CondoCoop,Zip_MedianListingPrice_DuplexTriplex,Zip_MedianListingPrice_Sfr,Zip_MedianPctOfPriceReduction_AllHomes,Zip_MedianPctOfPriceReduction_Condominum,Zip_MedianPctOfPriceReduction_SingleFamilyResidence,Zip_MedianRentalPricePerSqft_1Bedroom,Zip_MedianRentalPricePerSqft_2Bedroom,Zip_MedianRentalPricePerSqft_3Bedroom,Zip_MedianRentalPricePerSqft_4Bedroom,Zip_MedianRentalPricePerSqft_5BedroomOrMore,Zip_MedianRentalPricePerSqft_AllHomes,Zip_MedianRentalPricePerSqft_CondoCoop,Zip_MedianRentalPricePerSqft_DuplexTriplex,Zip_MedianRentalPricePerSqft_Mfr5Plus,Zip_MedianRentalPricePerSqft_Sfr,Zip_MedianRentalPricePerSqft_Studio,Zip_MedianRentalPrice_1Bedroom,Zip_MedianRentalPrice_2Bedroom,Zip_MedianRentalPrice_3Bedroom,Zip_MedianRentalPrice_4Bedroom,Zip_MedianRentalPrice_5BedroomOrMore,Zip_MedianRentalPrice_AllHomes,Zip_MedianRentalPrice_CondoCoop,Zip_MedianRentalPrice_DuplexTriplex,Zip_MedianRentalPrice_Mfr5Plus,Zip_MedianRentalPrice_Sfr,Zip_MedianRentalPrice_Studio,Zip_MedianValuePerSqft_AllHomes,Zip_Median_PriceCut_Dollar_AllHomes,Zip_Median_PriceCut_Dollar_Condominum,Zip_Median_PriceCut_Dollar_SingleFamilyResidence,Zip_PctOfHomesDecreasingInValues_AllHomes,Zip_PctOfHomesIncreasingInValues_AllHomes,Zip_PctOfListingsWithPriceReductions_AllHomes,Zip_PctOfListingsWithPriceReductions_Condominum,Zip_PctOfListingsWithPriceReductions_SingleFamilyResidence,Zip_PriceToRentRatio_AllHomes,Zip_Zhvi_1bedroom,Zip_Zhvi_2bedroom,Zip_Zhvi_3bedroom,Zip_Zhvi_4bedroom,Zip_Zhvi_5BedroomOrMore,Zip_Zhvi_AllHomes,Zip_Zhvi_BottomTier,Zip_Zhvi_BottomTier_yoy,Zip_Zhvi_Condominum,Zip_Zhvi_MiddleTier,Zip_Zhvi_MiddleTier_yoy,Zip_Zhvi_SingleFamilyResidence,Zip_Zhvi_Summary_AllHomes,Zip_Zhvi_TopTier,Zip_Zhvi_TopTier_yoy,Zip_ZriPerSqft_AllHomes,Zip_Zri_AllHomes,Zip_Zri_AllHomesPlusMultifamily,Zip_Zri_AllHomesPlusMultifamily_Summary,Zip_Zri_AllHomes_Summary,Zip_Zri_MultiFamilyResidenceRental,Zip_Zri_MultiFamilyResidenceRental_Summary,Zip_Zri_SingleFamilyResidenceRental,Zip_Zri_SingleFamilyResidenceRental_Summary
92625-CA,2010,9,24129,14.910273305955,,12.2923477482032,,,789.473684210526,,,804.914486921529,,,870.391061452514,,,,,,,,,,4.34782608695652,,,,,,,,,,,,,,,,,,,,,,,,,594.0,75001.0,,,87.54,7.96,18.8034188034188,,15.4761904761905,,,932500.0,1207100.0,1554500.0,1679400.0,1203300.0,,,791300.0,1203300.0,-0.132569204152249,1358400.0,,,,,,,,,,,,
92625-CA,2010,10,24130,11.0234696628874,,10.180110882196,,,762.847965738758,,,790.866514616014,,,867.74223672429,,,,,,,,,,4.08951375117284,,,,,,,,,,,,,,,,,,,,,,,,,589.0,100000.0,,,88.54,6.64,13.2478632478632,,12.8654970760234,20.84,,943600.0,1185400.0,1534600.0,1679300.0,1180400.0,,,790100.0,1180400.0,-0.152133314178997,1319800.0,,,,,,,,,,,,
92625-CA,2010,11,24131,12.5435959213515,,12.5610377819625,,,754.682779456193,,,789.927084380452,,,861.355406104501,,,,,,,,,,5.98006644518272,,,,,,,,,,,,,,,,,,,,,,,,,587.0,100000.0,,,88.96,6.72,10.5263157894737,,9.94152046783626,20.84,,956900.0,1177000.0,1510100.0,1689000.0,1168500.0,,,791400.0,1168500.0,-0.170217298679165,1292200.0,,,,2.544,4832.0,4580.0,,,3282.0,,5434.0,
92625-CA,2010,12,24132,13.9686672179865,,11.7341661930283,,,734.877155866256,,,760.301656275584,,,850.769065418575,,,,,,,,,,3.33333333333333,,,,,,,,,,,,,,,,,,,,,,,,,593.0,49100.0,,,88.84,6.74,6.86274509803922,,4.63576158940397,20.72,,973100.0,1184900.0,1502100.0,1712200.0,1175200.0,,,797200.0,1175200.0,-0.15068295150683,1289700.0,,,,2.536,4812.0,4572.0,,,3248.0,,5413.0,
92625-CA,2010,1,24121,,,,,,843.722172751558,,,847.5,,,890.149870144755,,,,,,,,,,,,,,,,,,,,,,,,,,,,,,,,,,,648.0,,,,42.28,51.66,,,,,,1029900.0,1328400.0,1591200.0,1778000.0,1327700.0,,,877500.0,1327700.0,-0.0514395941987569,1453200.0,,,,,,,,,,,,
92625-CA,2010,2,24122,,,,,,849.019607843137,,,849.170075704143,,,929.270939837667,,,,,,,,,,,,,,,,,,,,,,,,,,,,,,,,,,,620.0,,,,44.84,48.16,,,,,,992200.0,1281000.0,1541500.0,1709900.0,1278400.0,,,862900.0,1278400.0,-0.0843062817849724,1401900.0,,,,,,,,,,,,
92625-CA,2010,3,24123,,,,,,827.711468604048,,,831.232544824531,,,911.256911949188,,,,,,,,,,,,,,,,,,,,,,,,,,,,,,,,,,,612.0,,,,44.74,45.8,,,,,,991400.0,1258200.0,1516300.0,1708100.0,1254100.0,,,873200.0,1254100.0,-0.0929408361058875,1376000.0,,,,,,,,,,,,
92625-CA,2010,4,24124,,,,,,823.277480084373,,,831.593597773139,,,910.78167115903,,,,,,,,,,,,,,,,,,,,,,,,,,,,,,,,,,,608.0,,,,50.56,37.45,,,,,,988500.0,1254800.0,1515100.0,1712700.0,1248700.0,,,860000.0,1248700.0,-0.0947513411628244,1370000.0,,,,,,,,,,,,
92625-CA,2010,5,24125,,,,,,819.301848049281,,,821.030640668524,,,886.24640927325,,,,,,,,,,,,,,,,,,,,,,,,,,,,,,,,,,,612.0,,,,53.16,32.89,,,,,,983800.0,1265300.0,1532700.0,1714900.0,1261200.0,,,841700.0,1261200.0,-0.0903058280438546,1393100.0,,,,,,,,,,,,
92625-CA,2010,6,24126,,,,,,790.044910179641,,,804.319815888484,,,847.822171868495,,,,,,,,,,,,,,,,,,,,,,,,,,,,,,,,,,,611.0,,,,67.39,19.91,,,,,,969700.0,1257900.0,1545800.0,1707100.0,1255200.0,,,814800.0,1255200.0,-0.102980061459301,1399600.0,,,,,,,,,,,,
92625-CA,2010,7,24127,,,,,,801.787951850951,,,812.923962028056,,,867.142600669546,,,,,,,,,,,,,,,,,,,,,,,,,,,,,,,,,,,605.0,,,,78.67,13.55,,,,,,948900.0,1246900.0,1552800.0,1700600.0,1242600.0,,,796100.0,1242600.0,-0.111984563710427,1390800.0,,,,,,,,,,,,
92625-CA,2010,8,24128,,,,,,809.5,,,829.966845413135,,,901.260107907507,,,,,,,,,,,,,,,,,,,,,,,,,,,,,,,,,,,600.0,,,,86.09,8.86,,,,,,936600.0,1232800.0,1556800.0,1694200.0,1228300.0,,,791000.0,1228300.0,-0.115822055859487,1380300.0,,,,,,,,,,,,
92625-CA,2011,1,24133,11.6232516292578,,9.33631023866255,,,694.837961525775,,,739.985163204748,,,804.09046457516,,,,,,,,,,6.06060606060606,,,,,,,,,,,,,,,,,,,,,,,,,602.0,100000.0,,,88.48,7.86,10.3448275862069,,8.7248322147651,20.59,,995800.0,1198100.0,1511900.0,1742500.0,1191700.0,,,804600.0,1191700.0,-0.102432778489117,1304400.0,,,,2.526,4792.0,4556.0,,,3220.0,,5392.0,
92625-CA,2011,2,24134,14.0697148835593,,13.9976436262233,,,684.786481157003,,,742.349446768169,,,803.351955307263,,,,,,,,,,5.88235294117647,,,,,,,,2.72727272727273,,,,,,,,,,,,,,,,,606.0,100000.0,,,86.39,9.1,11.7370892018779,,11.3333333333333,20.58,,1004800.0,1210300.0,1527900.0,1765600.0,1205900.0,,,797200.0,1205900.0,-0.0567115143929912,1327200.0,,,,2.52,4775.0,4552.0,,,3184.0,,5355.0,
92625-CA,2011,3,24135,12.534771956946,,10.760279494366,,,701.720093823299,,,736.769208769162,,,801.027864805747,,,,,,,,,,5.20361990950227,,,,,,,,2.65725806451613,,,,,,,,,,,,,,,,,606.0,100000.0,,,82.47,12.85,11.0169491525424,,9.52380952380952,20.76,,995600.0,1220200.0,1540700.0,1782700.0,1214100.0,,,790800.0,1214100.0,-0.03189538314329,1342800.0,,,,2.52,4783.0,4570.0,,,3156.0,,5339.0,
92625-CA,2011,4,24136,15.0501941642912,,14.3104596941935,,,706.0,,,739.985163204748,,,793.079632975178,,,,,,,,,,5.56915582969586,,,,,,,,2.46212121212121,,,,,,,,,,,,,,,,,602.0,93000.0,,,77.67,16.67,13.5514018691589,,13.8364779874214,20.69,,978700.0,1214400.0,1535100.0,1797800.0,1204200.0,,,793100.0,1204200.0,-0.0356370625450469,1337400.0,,,,2.53,4808.0,4608.0,,,3165.0,,5334.0,
92625-CA,2011,5,24137,13.081755955326,,13.3693014171738,,,725.134250979595,,,733.886407147415,,,759.103442754203,,,,,,,,,,5.04458339457943,,,,,,,,2.48249522597072,,,,,,,,,,,,,,,,,591.0,78000.0,,,75.93,16.85,13.4615384615385,,13.0718954248366,20.57,,957700.0,1190500.0,1511200.0,1797400.0,1177100.0,,,788500.0,1177100.0,-0.0666825245797653,1320500.0,,,,2.544,4856.0,4651.0,,,3182.0,,5362.0,
92625-CA,2011,6,24138,14.6210294949617,,12.3354594478763,,,689.56767718734,,,712.01130134554,,,738.872527947109,,,,,,,,,,3.70507595405706,,,,,,,,2.18487394957983,,,,,,,,,,,,,,,,,582.0,50000.0,,,66.65,20.19,17.351598173516,,15.4320987654321,20.38,,952100.0,1170300.0,1483900.0,1768600.0,1158000.0,,,782100.0,1158000.0,-0.0774378585086042,1305800.0,,,,2.556,4890.0,4684.0,,,3206.0,,5378.0,
92625-CA,2011,7,24139,14.9743928293766,,16.2456287031325,,,686.528497409326,,,707.347972972973,,,739.577384351799,,,,,,,,,,4.51308850926774,,,,,,,,2.40146326460603,,,,,,,,,,,,,,,,,580.0,85700.0,,,58.42,27.95,18.0616740088106,,19.2982456140351,20.23,,965000.0,1160800.0,1468400.0,1723400.0,1154200.0,,,781400.0,1154200.0,-0.0711411556413971,1304100.0,,,,2.568,4927.0,4717.0,,,3190.0,,5396.0,
92625-CA,2011,8,24140,20.2485156264797,,18.3186927371533,,,656.779661016949,,,711.908606280143,,,747.508305647841,,,,,,,,,,5.005005005005,,,,,,,,2.36130133527261,,,,,,,,,,,,,,,,,581.0,86000.0,,,45.78,39.38,23.6842105263158,,21.301775147929,20.32,,969000.0,1158500.0,1466900.0,1683400.0,1157900.0,,,781100.0,1157900.0,-0.0573149881950663,1314100.0,,,,2.582,4950.0,4749.0,,,3167.0,,5407.0,
92625-CA,2011,9,24141,13.6744220701038,,14.1814267330905,,,653.22138914576,,,706.673986486486,,,761.229460357367,,,,,,,,,,5.66037735849056,,,,,,,,2.54807692307692,,,,,,,,,,,,,,,,,583.0,100000.0,,,34.61,49.68,17.5675675675676,,17.3652694610778,20.36,,950100.0,1166400.0,1484800.0,1680200.0,1169800.0,,,781600.0,1169800.0,-0.0278401063741378,1329400.0,,,,2.604,4993.0,4783.0,,,3130.0,,5441.0,
92625-CA,2011,10,24142,12.0613207007384,,11.3497015254708,,,664.19077404222,,,711.411992263056,,,786.492812298578,,,,,,,,,,4.77272727272727,,,,,,,,2.57142857142857,,,,,,,,,,,,,,,,,583.0,80000.0,,,26.11,58.9,14.2857142857143,,14.0350877192982,20.39,,926400.0,1174200.0,1496800.0,1679800.0,1179500.0,,,785700.0,1179500.0,-0.000762453405625212,1333700.0,,,,2.63,5049.0,4805.0,,,3132.0,,5494.0,
92625-CA,2011,11,24143,9.10683237068377,,8.78065475488457,,,634.353741496599,,,645.153125790939,,,645.153125790939,,,,,,,,,,4.56521739130434,,,,,,,,2.43865030674847,,,,,,,,,,,,,,,,,582.0,100000.0,,,23.69,62.53,7.08955223880597,,6.16113744075829,20.24,,913600.0,1179700.0,1487900.0,1674600.0,1184800.0,,,789200.0,1184800.0,0.0139495079161318,1322800.0,,,,2.65,5095.0,4825.0,,,3123.0,,5547.0,
92625-CA,2011,12,24144,11.2884316256507,,9.94200649935891,,,626.148705096074,,,630.108439922133,,,631.846714179205,,,,,,,,,,4.73924743986663,,,,,,,,2.671875,,,,,,,,,,,,,,,,,579.0,50000.0,,,20.11,71.63,4.18250950570342,,2.8436018957346,20.19,,917600.0,1184700.0,1460400.0,1678500.0,1189400.0,,,793500.0,1189400.0,0.0120830496936692,1304400.0,,,,2.672,5144.0,4845.0,,,3125.0,,5604.0,
92625-CA,2012,1,24145,14.7313388412572,,12.5875259280891,,,706.0,,,708.71686746988,,,732.771260997067,,,,,,,,,,4.76644423260247,,,,,,,,2.61809903244166,,,,,,,,,,,,,,,,,578.0,90000.0,,,20.77,71.83,13.4529147982063,,11.9760479041916,20.04,,923800.0,1198900.0,1437900.0,1693200.0,1202400.0,,,785300.0,1202400.0,0.00897876982462029,1302000.0,,,,2.694,5184.0,4867.0,,,3135.0,,5651.0,
92625-CA,2012,2,24146,10.4774220617719,,11.2008956587436,,,749.437777737798,,,720.789074355083,,,773.109464918246,,,,,,,,,,5.7266917909225,,,,,,,,2.671875,,,,,,,,,,,,,,,,,582.0,100000.0,,,23.31,70.03,8.1447963800905,,8.53658536585366,20.01,,929200.0,1219300.0,1440800.0,1701700.0,1219800.0,,,768300.0,1219800.0,0.0115266605854548,1314700.0,,,,2.706,5197.0,4876.0,,,3169.0,,5676.0,
92625-CA,2012,3,24147,7.50860621454186,,8.1114699705565,,,710.061443932412,,,724.284618757619,,,774.778106508876,,,,,,,,,,3.66295206704255,,,,,,,,2.50231029824179,,,,,,,,,,,,,,,,,594.0,82000.0,,,26.23,65.43,5.99078341013825,,6.875,20.28,,926000.0,1231300.0,1487700.0,1736800.0,1228200.0,,,763300.0,1228200.0,0.0116135408944897,1345100.0,,,,2.722,5201.0,4888.0,,,3210.0,,5700.0,
92625-CA,2012,4,24148,10.7580515543915,,10.9678088672659,,,710.061443932412,,,741.135630498534,,,782.647584973166,,,,,,,,,,4.64788479494362,,,,,,,,2.56118383608423,,,,,,,,,,,,,,,,,603.0,100500.0,,,24.17,66.99,9.25925925925926,,10.4938271604938,20.39,,915700.0,1217500.0,1528600.0,1770200.0,1215300.0,,,777200.0,1215300.0,0.00921773791728949,1363600.0,,,,2.75,5222.0,4920.0,,,3222.0,,5745.0,
92625-CA,2012,5,24149,12.1783570286713,,13.3408842532067,,,721.416352464739,,,741.135630498534,,,778.816199376947,,,,,,,,,,5.79710144927537,,,,,,,,2.59454705364996,,,,,,,,,,,,,,,,,599.0,146000.0,,,20.67,71.53,12.5581395348837,,13.0434782608696,20.54,,905200.0,1196400.0,1524100.0,1770100.0,1198000.0,,,787700.0,1198000.0,0.0177555008070682,1356200.0,,,,2.794,5287.0,4983.0,,,3242.0,,5842.0,
92625-CA,2012,6,24150,10.9536418477615,,10.3785379874087,,,763.557330974509,,,758.179619579367,,,788.928959163663,,,,,,,,,,4.22657952069717,,,,,,,,2.64098112017413,,,,,,,,,,,,,,,,,592.0,97000.0,,,18.29,75.35,13.6842105263158,,13.4751773049645,20.58,,907600.0,1193400.0,1495200.0,1757900.0,1197300.0,,,792200.0,1197300.0,0.0339378238341969,1342900.0,,,,2.832,5367.0,5035.0,,,3246.0,,5941.0,
92625-CA,2012,7,24151,12.8467847546319,,15.1955582715792,,,742.437090171963,,,761.038112512573,,,805.770074435315,,,,,,,,,,4.95595909981817,,,,,,,,2.44011773214855,,,,,,,,,,,,,,,,,593.0,92500.0,,,14.61,80.97,15.9340659340659,,18.2481751824818,20.45,,914100.0,1206700.0,1477700.0,1765300.0,1209600.0,,,793200.0,1209600.0,0.0479986137584474,1348000.0,,,,2.86,5452.0,5080.0,,,3273.0,,6041.0,
92625-CA,2012,8,24152,12.607085848827,,11.3026318749386,,,752.102919346858,,,774.63503649635,,,792.636260936861,,,,,,,,,,4.01075959531074,,,,,,,,2.56487650582139,,,,,,,,,,,,,,,,,600.0,58000.0,,,12.99,82.35,16.0427807486631,,14.2857142857143,20.58,,927100.0,1220000.0,1472300.0,1776200.0,1223300.0,,,791800.0,1223300.0,0.056481561447448,1361200.0,,,,2.88,5507.0,5099.0,,,3287.0,,6096.0,
92625-CA,2012,9,24153,7.27706726849369,,7.34247306148638,,,728.885630498534,,,731.261425959781,,,735.693732213495,,,,,,,,,,4.12521412296895,,,,,,,,2.59454705364996,,,,,,,,,,,,,,,,,610.0,73000.0,,,11.84,83.39,11.1702127659574,,10.5263157894737,20.78,,951200.0,1237100.0,1482200.0,1794900.0,1240300.0,,,792500.0,1240300.0,0.0602667122585057,1379400.0,,,,2.896,5558.0,5133.0,,,3306.0,,6146.0,
92625-CA,2012,10,24154,6.69280386725341,,4.58734107889983,,,769.657571009752,,,773.037929911983,,,818.723122725769,,,,,,,,,,4.5662100456621,,,,,,,,2.62916666666667,,,,,,,,,,,,,,,,,619.0,90100.0,,,10.92,85.25,8.9171974522293,,7.27272727272727,20.85,,974600.0,1253200.0,1507300.0,1831600.0,1257000.0,,,805300.0,1257000.0,0.0657058075455702,1399000.0,,,,2.918,5598.0,5164.0,,,3330.0,,6173.0,
92625-CA,2012,11,24155,11.8764350614553,,10.311825006434,,,830.058657723997,,,832.176568573015,,,847.831838049229,,,,,,,,,,4.70588235294118,,,,,,,,2.46234085552074,,,,,,,,,,,4200.0,,,,,,627.0,91000.0,,,9.52,86.77,9.85915492957746,,7.69230769230769,21.01,,990100.0,1266600.0,1536200.0,1856800.0,1269800.0,,,814000.0,1269800.0,0.0717420661715057,1419400.0,,,,2.936,5640.0,5212.0,,,3329.0,,6204.0,
92625-CA,2012,12,24156,12.6177331435693,,12.2004454199508,,,890.913082105115,,,834.467071699929,,,848.148148148148,,,,,,,,,,4.0016006402561,,,,,,,,2.25609756097561,,,,,,,,,,,4300.0,,,,,,636.0,74000.0,,,8.0,88.76,5.51181102362205,,5.10204081632653,21.16,,999300.0,1278500.0,1559000.0,1857200.0,1280900.0,,,823000.0,1280900.0,0.0769295443080545,1441300.0,,,,2.966,5705.0,5281.0,,,3355.0,,6259.0,
92625-CA,2013,1,24157,9.72912826840305,,9.26532417774361,,,875.831670348735,,,844.693622187064,771.059216013344,,875.530410183876,,,,,,,1225000.0,,,5.09715747934058,,,,,,,,2.4822695035461,,,,,,,,,,,4425.0,,,,,,646.0,80000.0,,,6.32,91.24,8.45070422535211,,8.65384615384615,21.36,,1017200.0,1293100.0,1582500.0,1880100.0,1295800.0,,,840600.0,1295800.0,0.0776779773785762,1461300.0,,,,2.99,5794.0,5361.0,,,3363.0,,6332.0,
92625-CA,2013,2,24158,6.71859059396206,,5.80896438094024,,,834.673528465745,,,837.659744408946,775.449101796407,,865.115816565278,,,,,,,1250000.0,,,4.27586206896552,,,,,,,,2.69317581600579,,,,,,,,,,,5000.0,,,,,,659.0,154000.0,,,4.1,94.32,4.3859649122807,,3.14465408805031,21.61,,1045700.0,1308600.0,1628100.0,1938300.0,1314000.0,,,876500.0,1314000.0,0.0772257747171668,1489500.0,,,,3.006,5865.0,5421.0,,,3359.0,,6395.0,
92625-CA,2013,3,24159,5.49792230689118,,4.11416781228312,,,830.330336317353,,,841.455490578298,775.58886509636,,904.216727651711,,,,,,,1095000.0,,,4.58095238095239,,,,,,,,2.84462695170184,,,,,,,,,,,5000.0,,,,,,670.0,100000.0,,,5.96,92.2,3.98009950248756,,2.87769784172662,22.29,,1086000.0,1326600.0,1666200.0,1966700.0,1332200.0,,,910700.0,1332200.0,0.0846767627422244,1513900.0,,,,3.004,5892.0,5432.0,,,3333.0,,6419.0,
92625-CA,2013,4,24160,8.80216308164913,,7.73204622290113,,,840.063092721173,,,860.0,785.98912370244,,937.174139728884,,,,,,,1220000.0,,,3.46786746720035,,,,,,,,2.84575981787137,,,,,,,,,,,5050.0,,,,,,684.0,60500.0,,,8.68,88.74,7.30337078651685,,7.25806451612903,22.51,,1124600.0,1363400.0,1701100.0,1986500.0,1369500.0,,,931600.0,1369500.0,0.126882251295976,1542100.0,,,,2.992,5889.0,5424.0,,,3314.0,,6419.0,
92625-CA,2013,5,24161,11.9658965061332,,12.1618127719982,,,939.910714285714,,,876.232201533406,823.2,,951.113739404692,,,,,,,1235000.0,,,5.39712456203938,,,,,,,,2.83139273316141,,,,,,,,,,,5000.0,,,,,,700.0,212500.0,,,7.42,89.96,12.3456790123457,,11.864406779661,22.78,,1154700.0,1408400.0,1732900.0,2041700.0,1413800.0,,,940900.0,1413800.0,0.180133555926544,1566800.0,,,,2.982,5903.0,5450.0,,,3319.0,,6418.0,
92625-CA,2013,6,24162,10.3413267462824,,11.4488152278987,,,945.945945945946,,,876.7252195734,817.718143459916,,930.0,,,,,,,1250000.0,,,3.31210191082802,,,,,,,,2.89151052509831,,,,,,,,,,,5050.0,,,,,,712.0,100000.0,,,5.64,92.68,13.0718954248366,,14.5454545454545,23.06,,1172900.0,1437200.0,1757600.0,2085500.0,1441900.0,,,954300.0,1441900.0,0.204292992566608,1583900.0,,,,2.998,5984.0,5540.0,,,3341.0,,6481.0,
92625-CA,2013,7,24163,10.7058222688419,,10.2807164224308,,,974.074074074074,,,892.5,823.2,,963.711281173222,,,,,,,1295000.0,,,4.17465388711395,,,,,,,,2.9491833030853,,,,,,,,,,,4525.0,,,,,,715.0,80000.0,,,4.7,91.42,13.7931034482759,,13.3333333333333,23.05,,1185600.0,1451800.0,1762100.0,2082000.0,1458900.0,,,971700.0,1458900.0,0.20610119047619,1593600.0,,,,3.012,6087.0,5667.0,,,3378.0,,6583.0,
92625-CA,2013,8,24164,9.4021429380017,,9.28106853262053,,,906.050851866303,,,907.025515554002,835.246431993231,,969.797178130511,,,,,,,1359999.0,,,4.87812169621333,,,,,,,,2.83852973703328,,,,,,,,,,,4950.0,,,,,,719.0,149000.0,,,4.84,91.04,12.8378378378378,,12.2641509433962,23.16,,1195300.0,1478800.0,1762700.0,2100400.0,1487100.0,,,996300.0,1487100.0,0.215646202893812,1606400.0,,,,3.02,6146.0,5732.0,,,3401.0,,6646.0,
92625-CA,2013,9,24165,10.2960436917254,,6.8161572720127,,,895.435037065938,,,959.02489626556,820.928519123732,,1018.51851851852,,,,,,,1297500.0,,,3.97373745085315,,,,,,,,2.81553398058252,,,,,,,,,,,4850.0,,,,,,725.0,90750.0,,,5.18,90.66,14.1891891891892,,10.0,23.36,,1200200.0,1498100.0,1763100.0,2144500.0,1505600.0,,,1015800.0,1505600.0,0.213899862936386,1617300.0,,,,3.01,6147.0,5741.0,,,3442.0,,6660.0,
92625-CA,2013,10,24166,17.2386936633463,,16.8798311974769,,,941.582002902758,,,957.286835744729,856.428571428571,,1046.73342870768,,,,,,1915000.0,1369998.0,,2659000.0,4.19354838709678,,,,,,,,2.87125091441112,,,,,,,,,,,4750.0,,,,,,732.0,90000.0,,,6.28,89.12,19.4630872483221,,19.5652173913043,23.32,,1210900.0,1507400.0,1786200.0,2176000.0,1516700.0,,,998700.0,1516700.0,0.206603023070803,1640100.0,,,,3.008,6122.0,5709.0,,,3474.0,,6633.0,
92625-CA,2013,11,24167,12.7315658461635,,10.311825006434,,,980.17124831005,,,968.368317263849,856.428571428571,,1046.73342870768,,,,,,1915000.0,1350000.0,,2625000.0,3.90762210010176,,,,,,,,2.87125091441112,,,,,,,,,,,4850.0,,,,,,738.0,82500.0,,,9.96,85.73,10.7142857142857,,7.69230769230769,23.6,,1228900.0,1517300.0,1826100.0,2190600.0,1527800.0,,,957300.0,1527800.0,0.203181603402111,1668300.0,,,,2.992,6072.0,5674.0,,,3506.0,,6580.0,
92625-CA,2013,12,24168,10.3059221199473,,8.36422738843444,,,980.17124831005,,,944.909532811234,871.444538255952,,1046.73342870768,,,,,,1907000.0,1397000.0,,2624000.0,2.50138709673615,,,,,,,,2.88629384351883,,,,,,,,,,,4500.0,,,,,,740.0,37050.0,,,11.85,84.29,3.2,,1.26582278481013,23.56,,1246800.0,1526700.0,1844200.0,2202800.0,1534500.0,,,923400.0,1534500.0,0.197985791240534,1680300.0,,,,2.98,6041.0,5647.0,,,3527.0,,6526.0,
92625-CA,2014,1,24169,8.90554268711873,,10.2005191197879,,,934.489049672153,,,964.284124133632,894.339622641509,,1066.47707074298,,,,,,1850000.0,1399000.0,,2399000.0,3.57398141529665,,,,,,,,2.84552845528455,,,,,,,,,,,4350.0,,,,,,737.0,54000.0,,,14.09,80.97,7.6271186440678,,9.58904109589041,23.67,,1251100.0,1523000.0,1826200.0,2198900.0,1528500.0,,,912400.0,1528500.0,0.179580182126871,1671300.0,,,,2.97,6023.0,5630.0,,,3530.0,,6478.0,
92625-CA,2014,2,24170,13.4437367927925,,12.6643102928899,,,909.21881305945,,,932.16849113394,887.920350029225,,1010.17418309479,,1290000.0,,,,1799000.0,1297500.0,,2447000.0,4.14078674948241,,,,,,,,2.88629384351883,,,,,,,,,,,5000.0,,,,,,734.0,100000.0,,,16.01,78.55,11.1111111111111,,10.0,23.71,,1245200.0,1515700.0,1819600.0,2187000.0,1520000.0,,,918900.0,1520000.0,0.156773211567732,1661800.0,,,,2.97,6020.0,5615.0,,,3557.0,,6440.0,
92625-CA,2014,3,24171,14.1006042613573,,17.0901285071419,,,908.080509132302,,,908.363636363636,878.395763552524,,1046.73342870768,,1299500.0,,,,1699500.0,1350000.0,,2160000.0,5.02793296089385,,,,,,,,2.90453514467361,,,,,,,,,,,4850.0,,,,,,735.0,50000.0,,,17.71,75.73,12.5827814569536,,15.8536585365854,23.81,,1242700.0,1513500.0,1835900.0,2193500.0,1518200.0,,,938900.0,1518200.0,0.139618675874493,1658600.0,,,,2.976,6029.0,5610.0,,,3587.0,,6420.0,
92625-CA,2014,4,24172,11.176211649971,,10.2300792677477,,,945.74780058651,,,946.509863429438,906.955775082323,,1046.73342870768,,1299000.0,,,,1749500.0,1322500.0,,2495000.0,5.17985611510792,,,,,,,,2.91666666666667,,,,,,,,,,,4700.0,,,,,,737.0,105000.0,,,33.03,59.06,9.67741935483871,,9.75609756097561,23.71,,1248500.0,1518800.0,1834100.0,2209200.0,1523900.0,,,963700.0,1523900.0,0.112741876597298,1654100.0,,,,2.972,6020.0,5572.0,,,3643.0,,6397.0,
92625-CA,2014,5,24173,8.15680285964122,,5.73218860103281,,,942.644715878917,,,948.044847681106,908.363636363636,,1086.56102861282,,1244500.0,,,,1782500.0,1299000.0,,2695000.0,3.59150184255754,,,,,,,,3.09341212127325,,,,,,,,,,,4997.5,,,,,,741.0,50000.0,,,45.25,48.54,8.53658536585366,,5.43478260869565,23.94,,1249000.0,1525100.0,1834500.0,2203500.0,1528700.0,,,987500.0,1528700.0,0.0812703352666572,1656300.0,,,,2.956,5944.0,5490.0,,,3675.0,,6351.0,
92625-CA,2014,6,24174,13.0270070790215,,14.8808887723318,,,930.555555555556,,,930.620186445648,911.199469847581,,989.943431803897,,1282500.0,,,,1775000.0,1350000.0,,2499499.0,3.74102154828412,,,,,,,,2.89172831203766,,,,,,,,,,,5300.0,,,,,,748.0,82500.0,,,54.53,40.44,15.7575757575758,,17.9775280898876,23.81,,1241800.0,1528900.0,1850600.0,2167400.0,1531100.0,,,1012200.0,1531100.0,0.0618628198904224,1684000.0,,,,2.928,5812.0,5376.0,,,3705.0,,6274.0,
92625-CA,2014,7,24175,11.7478836557308,,8.59786852599064,,,941.393315031274,,,936.352509179927,899.305555555556,,1074.42996971822,,1285000.0,,,,1850000.0,1350000.0,,2750000.0,3.17460317460317,,,,,,,,3.01346801346801,,,,,,,,,,,5250.0,,,,,,757.0,51000.0,,,59.32,35.55,14.8351648351648,,11.6504854368932,23.51,,1240800.0,1526300.0,1867500.0,2159200.0,1531200.0,,,1029100.0,1531200.0,0.0495578860785523,1709600.0,,,,2.89,5642.0,5244.0,,,3740.0,,6147.0,
92625-CA,2014,8,24176,15.8351384334972,,9.97988055218727,,,931.60621761658,,,937.683715461493,898.121557106133,,1080.66383635662,,1349000.0,,,,1775000.0,1367000.0,,2697000.0,3.71057513914657,,,,,,,,2.86319391514228,,,,,,,,,,,5500.0,,,,,,763.0,96112.0,,,60.56,34.33,19.2708333333333,,12.962962962963,23.21,,1250700.0,1519800.0,1887300.0,2201900.0,1526800.0,,,1029100.0,1526800.0,0.0266962544549795,1719500.0,,,,2.862,5541.0,5174.0,,,3777.0,,6059.0,
92625-CA,2014,9,24177,12.1988085255247,,6.8161572720127,,,934.904232403796,,,938.202247191011,886.290322580645,,1048.94856879938,,1325000.0,,,,1785000.0,1350000.0,,2700000.0,4.20532408670141,,,,,,,,2.88487413194444,,,,,,,,,,,5400.0,,,,,,766.0,92750.0,,,59.53,35.2,16.0919540229885,,10.0,23.19,,1259400.0,1511400.0,1922900.0,2249900.0,1519000.0,,,1022700.0,1519000.0,0.00890010626992561,1733200.0,,,,2.844,5480.0,5145.0,,,3843.0,,6000.0,
92625-CA,2014,10,24178,10.7933578943141,,11.3146138061726,,,938.202247191011,,,943.888888888889,894.526795895097,,1101.26202464122,,1300000.0,,,,1880000.0,1399000.0,,2779000.0,5.03351955307263,,,,,,,,2.79776422764228,,,,,,,,,,,4975.0,,,,,,766.0,91000.0,,,57.96,37.76,13.0177514792899,,14.0,23.08,,1259600.0,1502200.0,1939600.0,2270900.0,1512000.0,,,1038700.0,1512000.0,-0.00309883299268148,1737800.0,,,,2.844,5497.0,5180.0,,,3922.0,,6010.0,
92625-CA,2014,11,24179,10.3971684000342,,10.311825006434,,,926.404494382022,,,941.393315031274,844.474153297683,,1099.37518595656,,1325000.0,,,,1800000.0,1385000.0,,2695000.0,3.05453188412558,,,,,,,,2.88629384351883,,,,,,,,,,,4950.0,,,,,,764.0,52500.0,,,57.99,38.41,8.37988826815642,,7.69230769230769,22.78,,1258600.0,1499500.0,1924200.0,2290900.0,1510500.0,,,1062200.0,1510500.0,-0.0113234716585941,1716800.0,,,,2.866,5537.0,5256.0,,,4049.0,,6028.0,
92625-CA,2014,12,24180,11.4537482069038,,11.8042869565655,,,932.65298269531,,,991.253644314869,843.023593502774,,1168.42105263158,,1395000.0,,,,1799000.0,1390000.0,,2795000.0,4.16482954865367,,,,,,,,2.87946684082287,,,,,,,,,,,5400.0,,,,,,769.0,95525.0,,,56.12,40.32,4.34782608695652,,4.70588235294118,22.55,,1267200.0,1518500.0,1917100.0,2326900.0,1526100.0,,,1081700.0,1526100.0,-0.00547409579667644,1719300.0,,,,2.912,5634.0,5359.0,,,4167.0,,6094.0,
92625-CA,2015,1,24181,8.42128118590808,,6.61147802389745,,,1009.79791794244,,,1000.75815011372,856.560163154317,,1122.10960930338,,1300000.0,,,,1957500.0,1300000.0,,2795000.0,3.15120341070891,,,,,,,,2.89172831203766,,,,,,,,,,,5400.0,,,,,,777.0,70500.0,,,56.12,39.71,7.14285714285714,,6.0,22.29,,1276300.0,1532800.0,1937200.0,2334500.0,1537700.0,,,1096300.0,1537700.0,0.00601897284919856,1748100.0,,,,2.962,5735.0,5453.0,,,4285.0,,6168.0,
92625-CA,2015,2,24182,13.3671084403021,,14.6643102928899,,,946.11760234659,,,1009.79791794244,838.064516129032,,1212.06064092454,,1399000.0,,,,2230000.0,1297000.0,,2895000.0,3.54015965914831,,,,,,,,2.9625308226855,,,,,,,,,,,5500.0,,,,,,784.0,102000.0,,,55.36,40.74,11.0344827586207,,12.0,22.26,,1274900.0,1537400.0,1949100.0,2323500.0,1543300.0,,,1115200.0,1543300.0,0.0153289473684211,1771000.0,,,,2.996,5830.0,5528.0,,,4314.0,,6264.0,
92625-CA,2015,3,24183,14.2695006567526,,12.4514232415845,,,1010.54852320675,,,1036.58536585366,883.590019569472,,1191.82577565632,,1399000.0,,,,2388000.0,1299500.0,,2895000.0,3.51000351000351,,,,,,,,3.01924620235024,,,,,,,,,,,4950.0,,,,,,789.0,97000.0,,,55.74,39.91,12.751677852349,,11.214953271028,22.15,,1265500.0,1550100.0,1938200.0,2320000.0,1561200.0,,,1121100.0,1561200.0,0.0283230140956396,1783100.0,,,,3.03,5912.0,5593.0,,,4319.0,,6361.0,
92625-CA,2015,4,24184,17.0832078795479,,14.1994719028505,,,1021.10585552294,,,1069.58623356535,978.822314049587,,1217.98780487805,,1410000.0,2200000.0,,,2424450.0,1450000.0,,3395000.0,4.12471970927086,,,,,,,,3.10398344542162,,,,,,,,,,,5300.0,,,,,,794.0,100000.0,,,51.94,40.41,15.5844155844156,,13.7254901960784,22.16,,1263600.0,1568000.0,1936700.0,2325400.0,1581700.0,,,1119600.0,1581700.0,0.0379289979657458,1794800.0,,,,3.06,5979.0,5647.0,,,4280.0,,6446.0,
92625-CA,2015,5,24185,12.7630746366447,,11.8018307710982,,,1062.54855497897,,,1105.80261529562,983.333333333333,,1315.78947368421,,1450000.0,2195000.0,,,2395000.0,1425000.0,,3499000.0,5.66523605150214,,,,,,,,3.152260111023,,,,,,,,,,,5800.0,,,,,,799.0,100000.0,,,49.2,42.63,13.1428571428571,,11.5044247787611,22.17,,1279000.0,1574800.0,1950200.0,2322600.0,1590000.0,,,1118100.0,1590000.0,0.0400994308889906,1801900.0,,,,3.082,6013.0,5672.0,,,4258.0,,6473.0,
92625-CA,2015,6,24186,9.6988098525192,,9.723873502957,,,1102.61239236775,,,1099.8,971.763925729443,,1306.98299358901,,1429500.0,1995000.0,,,2287494.5,1399500.0,,3347250.0,3.7293358283164,,,,,,,,3.21880021977157,,,,,,,,,,,5900.0,,,,,,811.0,100000.0,,,41.86,49.63,12.4293785310734,,12.8205128205128,22.09,,1316700.0,1606800.0,1982300.0,2342700.0,1620200.0,,,1114600.0,1620200.0,0.0581934556854549,1828800.0,,,,3.088,6027.0,5682.0,,,4255.0,,6470.0,
92625-CA,2015,7,24187,14.2811398731976,,13.7473830890974,,,1136.74427894541,,,1113.00897170462,960.769230769231,,1322.75132275132,,1450000.0,1996500.0,,,2310444.5,1485000.0,,3299000.0,3.70644922164566,,,,,,,,3.13610262539259,,,,,,,,,,,5175.0,,,,,,827.0,95500.0,,,31.56,59.79,17.3684210526316,,16.8,22.07,,1362000.0,1657400.0,2011300.0,2377600.0,1666500.0,,,1110700.0,1666500.0,0.0883620689655172,1866900.0,,,,3.092,6020.0,5672.0,,,4242.0,,6436.0,
92625-CA,2015,8,24188,12.7407756883992,,16.7249467863046,,,1159.20309121565,,,1131.01401565252,986.742424242424,,1278.77159812965,,1462500.0,2198000.0,,,2395000.0,1495000.0,,3295000.0,3.33952448092162,,,,,,,,3.07896338724621,,,,,,,,,,,4999.0,,,,,,834.0,100000.0,,,25.25,66.95,16.1764705882353,,19.7080291970803,21.96,,1389000.0,1686200.0,2025000.0,2392500.0,1687500.0,,,1107700.0,1687500.0,0.105252816347917,1877400.0,,,,3.092,6017.0,5672.0,,,4266.0,,6429.0,
92625-CA,2015,9,24189,17.8459849373188,,19.8930803489358,,,1086.55349773426,,,1103.61741263029,975.6065667814,,1243.60746371804,,1425000.0,2195000.0,,,2349989.0,1469400.0,,3195000.0,3.584229390681,,,,,,,,2.9535864978903,,,,,,,,,,,5000.0,,,,,,831.0,75000.0,,,23.39,69.4,21.7391304347826,,23.0769230769231,22.2,,1397400.0,1677600.0,2020300.0,2366500.0,1676700.0,,,1093100.0,1676700.0,0.103818301514154,1853400.0,,,,3.096,6015.0,5673.0,,,4265.0,,6428.0,
92625-CA,2015,10,24190,16.5256064150241,,12.7557902767608,,,1131.43006138464,,,1133.88573920628,987.305359661495,,1249.77634096373,,1495000.0,2199000.0,,,2450000.0,1480000.0,,3299000.0,4.21485863418877,,,,,,,,3.00536603640531,,,,,,,,,,,5000.0,,,,,,831.0,60500.0,,,25.67,68.32,18.75,,15.4411764705882,22.35,,1394600.0,1666500.0,2025600.0,2352600.0,1665700.0,,,1086900.0,1665700.0,0.101653439153439,1838200.0,,,,3.106,6070.0,5698.0,,,4265.0,,6498.0,
92625-CA,2015,11,24191,12.5145177009386,,12.8557377865672,,,1136.06340819022,,,1173.74737198161,966.71826625387,,1242.70711785298,,1575000.0,2250000.0,,,2350000.0,1480000.0,,3191500.0,3.85356454720617,,,,,,,,3.05801971326165,,,,,,,,,,,5250.0,,,,,,834.0,70000.0,,,29.62,64.57,10.4972375690608,,10.2362204724409,22.61,,1364500.0,1661000.0,2051000.0,2380200.0,1663000.0,,,1109700.0,1663000.0,0.100959947037405,1848200.0,,,,3.112,6118.0,5720.0,,,4213.0,,6562.0,
92625-CA,2015,12,24192,13.1665281805534,,13.2387554808173,,,1133.86273397618,,,1136.12836438923,965.617197643064,,1222.39747634069,,1512450.0,2225000.0,,,2322500.0,1465000.0,,3222500.0,1.5667191914424,,,,,,,,3.05839002267574,,,,,,,,,,,5250.0,,,,,,839.0,50000.0,,,28.71,64.72,6.06060606060606,,6.14035087719298,23.02,,1327500.0,1665700.0,2080300.0,2427800.0,1669100.0,,,1142100.0,1669100.0,0.0937029028241924,1873500.0,,,,3.122,6185.0,5752.0,,,4165.0,,6661.0,
92625-CA,2016,1,24193,11.4695068455987,,11.0876685000879,,,1134.62779508581,,,1133.88573920628,975.757575757576,,1232.55229709683,,1485000.0,2295494.5,,,2385000.0,1495000.0,,3299000.0,3.1036739497211,,,,,,,,3.05839002267574,,,,,,,,,,,5250.0,,,,,,844.0,59500.0,,,20.62,71.62,10.1910828025478,,10.4761904761905,22.74,,1309400.0,1679000.0,2099700.0,2453700.0,1684300.0,,,1159600.0,1684300.0,0.0953371919099954,1898500.0,,,,3.148,6261.0,5788.0,,,4135.0,,6769.0,
92625-CA,2016,2,24194,12.5598984089541,,12.6643102928899,,,1128.53470437018,,,1104.46985446985,1001.60467334554,,1211.89024390244,,1485000.0,2295000.0,,,2395000.0,1550000.0,,3272500.0,2.89981730700605,,,,,,,,3.09834229390681,,,,,,,,,,,5275.0,,,,,,851.0,52500.0,,,17.0,77.04,10.2272727272727,,10.0,24.1,,1323800.0,1698000.0,2106000.0,2471900.0,1702000.0,,,1166300.0,1702000.0,0.102831594634873,1910200.0,,,,3.172,6316.0,5807.0,,,4160.0,,6853.0,
92625-CA,2016,3,24195,16.9433547192972,,14.2446000518573,,,1128.53470437018,,,1104.46985446985,1012.87373438757,,1211.89024390244,,1482000.0,2195000.0,,,2320494.5,1549000.0,,3250000.0,3.59467053268185,,,,,,,,3.19413038223565,,,,,,,,,,,5000.0,,,,,,852.0,100000.0,,,14.41,80.11,15.4255319148936,,13.0081300813008,23.59,,1353200.0,1708500.0,2095800.0,2455100.0,1708800.0,,,1169300.0,1708800.0,0.0945426594926979,1909800.0,,,,3.204,6393.0,5839.0,,,4207.0,,6939.0,
92625-CA,2016,4,24196,11.7028739277853,,12.6691036579916,,,1119.02608752821,,,1104.46985446985,976.685570258349,,1260.80217547934,,1492000.0,2195000.0,,,2285000.0,1492000.0,,3299000.0,3.70507595405706,,,,,,,,3.18471337579618,,,,,,,,,,,4775.0,,,,,,852.0,100000.0,,,17.13,76.43,10.2040816326531,,12.1951219512195,23.13,,1383500.0,1712300.0,2082700.0,2422200.0,1709800.0,,,1167600.0,1709800.0,0.0809888095087564,1917500.0,,,,3.236,6473.0,5893.0,,,4285.0,,7021.0,
92625-CA,2016,5,24197,13.550565752494,,12.4925279435567,,,1165.74965612105,,,1116.50485436893,993.367882632046,,1283.28830567349,,1522000.0,2237500.0,,,2365000.0,1495000.0,,3645000.0,3.92982456140351,,,,,,,,2.88135187770173,,,,,,,,,,,5000.0,,,,,,857.0,90000.0,,,17.49,75.78,13.9303482587065,,12.1951219512195,21.98,,1405200.0,1722700.0,2079500.0,2420400.0,1720400.0,,,1171400.0,1720400.0,0.0820125786163522,1933100.0,,,,3.274,6573.0,5970.0,,,4342.0,,7121.0,
92625-CA,2016,6,24198,9.17419322620766,,8.53126765918836,,,1197.50919430952,,,1149.25,1014.67633062275,,1322.32463827732,,1480000.0,2297494.5,,,2347500.0,1487500.0,,3697500.0,3.70507595405706,,,,,,,,3.24400564174894,,,,,,,,,,,5375.0,,,,,,846.0,70050.0,,,18.53,75.4,11.9047619047619,,11.6279069767442,21.72,,1371500.0,1708400.0,2075400.0,2483700.0,1706900.0,,,1153100.0,1706900.0,0.0535119121096161,1909600.0,,,,3.314,6646.0,6048.0,,,4384.0,,7205.0,
92625-CA,2016,7,24199,12.5041166700284,,9.04415728264583,,,1231.38451661879,,,1199.17575053065,1041.66666666667,,1327.02515578121,,1409000.0,2497499.5,,,2499999.0,1550000.0,,3595000.0,4.44938820912124,,,,,,,,2.90631067961165,,,,,,,,,,,4950.0,,,,,,826.0,114000.0,,,43.17,48.94,15.5913978494624,,12.0967741935484,20.4,,1321800.0,1680200.0,2074500.0,2543400.0,1675800.0,,,1117100.0,1675800.0,0.00558055805580558,1865000.0,,,,3.35,6710.0,6106.0,,,4383.0,,7269.0,
92625-CA,2016,8,24200,7.9415506091459,,6.92682749913422,,,1214.77162293489,,,1207.52565564424,1038.53540414162,,1348.46625766871,,1499000.0,2498000.0,,,2499999.0,1524000.0,,3695000.0,4.57294140813902,,,,,,,,3.18538256566426,,,,,,,,,,,4750.0,,,,,,826.0,99500.0,,,40.49,49.82,11.377245508982,,9.90990990990991,20.32,,1320600.0,1681700.0,2087800.0,2562200.0,1677000.0,,,1103100.0,1677000.0,-0.00622222222222222,1865000.0,,,,3.406,6825.0,6214.0,,,4373.0,,7380.0,
92625-CA,2016,9,24201,10.9878068834886,,10.5416474680911,,,1096.97386519945,,,1092.51208983243,1011.14206128134,,1327.02515578121,,1319000.0,2255000.0,,,2380000.0,1495000.0,,3495000.0,5.95238095238095,,,,,,,,3.21297429620563,,,,,,,,,,,5300.0,,,,,,847.0,146000.0,,,30.88,59.75,14.8809523809524,,13.7254901960784,20.42,,1351100.0,1727500.0,2107100.0,2567100.0,1726400.0,,,1128700.0,1726400.0,0.0296415578219121,1915900.0,,,,3.466,6979.0,6336.0,,,4351.0,,7512.0,
92625-CA,2016,10,24202,11.4660826055003,,13.6607676523264,,,1081.06019591784,,,1082.6838359878,971.32970835393,,1282.19924631945,,1437000.0,2148500.0,,,2350000.0,1449000.0,,3272500.0,4.33925049309665,,,,,,,,3.16388888888889,,,,,,,,,,,4772.5,,,,,,865.0,104000.0,,,21.04,70.88,13.6904761904762,,16.3461538461538,20.73,,1362400.0,1769500.0,2119500.0,2575400.0,1770500.0,,,1152300.0,1770500.0,0.0629164915651078,1966800.0,,,,3.528,7147.0,6441.0,,,4333.0,,7661.0,
92625-CA,2016,11,24203,16.7608698754675,,15.463554011374,,,1081.30081300813,,,1097.38644238644,989.768339441177,,1291.73768970555,,1450000.0,2255000.0,,,2495000.0,1424999.5,,3199000.0,4.1037037037037,,,,,,,,3.17809829059829,,,,,,,,,,,5200.0,,,,,,876.0,117750.0,,,16.26,73.83,14.7435897435897,,12.8440366972477,21.17,,1391700.0,1784100.0,2125000.0,2572300.0,1785900.0,,,1174500.0,1785900.0,0.0739025856885147,1997400.0,,,,3.538,7168.0,6438.0,,,4295.0,,7693.0,
92625-CA,2016,12,24204,13.1870032010284,,13.2208535832162,,,1105.36721317428,,,1120.85840707598,992.927094668118,,1309.83606557377,,1512500.0,2149000.0,,,2490000.0,1535000.0,,3272500.0,4.5662100456621,,,,,,,,3.23562999619338,,,,,,,,,,,4775.0,,,,,,883.0,130000.0,,,13.81,78.99,6.08108108108108,,6.12244897959184,21.47,,1439500.0,1783000.0,2138300.0,2560700.0,1788100.0,,,1190300.0,1788100.0,0.0712959079743574,2011000.0,,,,3.516,7102.0,6373.0,,,4270.0,,7652.0,
92625-CA,2017,1,24205,16.8189645835915,,16.9380086361423,,,1207.28392732761,,,1095.55139046803,934.349751948972,,1308.89500819243,,1632000.0,2427000.0,,,2599900.0,1492500.0,,3080000.0,4.62450462169358,,,,,,,,3.30815709969789,,,,,,,,,,,5500.0,,,,,,892.0,98500.0,,,13.89,78.71,15.5405405405405,,16.3265306122449,21.5,,1485600.0,1794000.0,2152800.0,2571900.0,1797900.0,,,1201500.0,1797900.0,0.0674464169091017,2016300.0,,,,3.48,6980.0,6293.0,,,4256.0,,7567.0,
92625-CA,2017,2,24206,16.4351897842455,,10.5851023720978,,,1204.51034908866,,,1104.46985446985,920.938958708132,,1307.95395081109,,1575000.0,2325000.0,,,2442500.0,1527450.0,,2995000.0,3.77500943752359,,,,,,,,3.23312907409262,,,,,,,,,,,5372.5,,,,,,894.0,90000.0,,,16.45,75.53,14.1025641025641,,7.92079207920792,21.59,,1493300.0,1803900.0,2144500.0,2590600.0,1811700.0,,,1187300.0,1811700.0,0.0644535840188014,2011300.0,,,,3.466,6922.0,6285.0,,,4255.0,,7524.0,
92625-CA,2017,3,24207,16.946394232975,,16.1897409985939,,,1213.94318851662,,,1137.1656232214,975.080512462867,,1365.91478696742,,1575000.0,2374500.0,,,2395000.0,1527450.0,,2995000.0,3.59123146357189,,,,,,,,3.23362974939369,,,,,,,,,,,5395.0,,,,,,890.0,90500.0,,,22.23,68.93,15.4285714285714,,14.9532710280374,21.48,,1475600.0,1807900.0,2121600.0,2591400.0,1822900.0,,,1159900.0,1822900.0,0.0667720037453183,1997100.0,,,,3.458,6894.0,6305.0,,,4268.0,,7503.0,
92625-CA,2017,4,24208,12.3559351522751,,10.2954102782007,,,1202.37766104506,,,1165.83333333333,1024.86559139785,,1372.79098849327,,1632500.0,2475000.0,,,2537500.0,1600000.0,,3195000.0,4.27037037037037,,,,,,,,3.14893617021277,,,,,,,,,,,5200.0,,,,,,885.0,100000.0,,,26.24,65.88,10.8571428571429,,9.82142857142857,21.49,,1457200.0,1822300.0,2131900.0,2569100.0,1833900.0,,,1144300.0,1833900.0,0.0725815884898819,1987500.0,,,,3.452,6910.0,6341.0,,,4256.0,,7499.0,
92625-CA,2017,5,24209,16.4569521876651,,15.1734390501884,,,1171.80565418072,,,1180.82061068702,1056.80790960452,,1353.9644012945,,1499995.0,2370000.0,,,2497000.0,1550000.0,,3297000.0,2.82131661442007,,,,,,,,3.28043857225929,,,,,,,,,,,5475.0,,,,,,883.0,60000.0,,,31.25,61.01,16.8367346938776,,14.8760330578512,21.46,,1444300.0,1841400.0,2170600.0,2566800.0,1843200.0,,,1153500.0,1843200.0,0.0713787491281097,1985900.0,,,,3.444,6939.0,6360.0,,,4229.0,,7488.0,
92625-CA,2017,6,24210,16.0539617081861,,10.9384484017424,,,1162.79069767442,,,1171.10805396035,1062.45397702025,,1339.02038285271,,1495000.0,2345000.0,,,2499000.0,1579500.0,,3295000.0,2.51169662644669,,,,,,,,3.33333333333333,,,,,,,,,,,5500.0,,,,,,887.0,44500.0,,,29.95,63.07,18.7845303867403,,14.0350877192982,21.46,,1451900.0,1844600.0,2199300.0,2586400.0,1845800.0,,,1177600.0,1845800.0,0.0813755931806198,1991100.0,,,,3.436,6993.0,6371.0,,,4183.0,,7493.0,
92625-CA,2017,7,24211,10.7058222688419,,8.76556490727926,,,1184.93150684932,,,1206.89655172414,1080.40216024555,,1389.79118329466,,1575000.0,2495000.0,,,2520000.0,1625000.0,,3295000.0,4.84170416377476,,,,,,,,3.3125,,,,,,,,,,,5500.0,,,,,,892.0,102500.0,,,18.09,76.43,13.7931034482759,,11.8181818181818,20.91,,1470800.0,1833300.0,2207700.0,2595500.0,1835600.0,,,1205700.0,1835600.0,0.0953574412221029,1993500.0,,,,3.47,7103.0,6416.0,,,4186.0,,7576.0,
92625-CA,2017,8,24212,15.208372896774,,15.9358365081432,,,1180.82061068702,,,1173.52781233833,1024.86559139785,,1396.56982849142,,1587500.0,2495000.0,,,2499500.0,1537500.0,,3199950.0,3.5483870967742,,,,,,,,3.44279661016949,,,,,,,,,,,6000.0,,,,,,891.0,96000.0,,,20.74,72.78,18.6440677966102,,18.9189189189189,21.0,,1473800.0,1821300.0,2203700.0,2585900.0,1823600.0,,,1219100.0,1823600.0,0.0874180083482409,1989700.0,,,,3.484,7159.0,6421.0,,,4189.0,,7625.0,
92625-CA,2017,9,24213,13.0879865780079,,17.0181774740329,,,1201.69108736367,,,1210.8251324754,1051.33614627286,,1368.49073232532,,1650000.0,2492000.0,,,2500000.0,1619400.0,,3200000.0,4.04040404040404,,,,,,,,3.35648148148148,,,,,,,,,,,5995.0,,,,,,886.0,110000.0,,,24.3,68.63,16.9811320754717,,20.2020202020202,21.12,,1468600.0,1814000.0,2192700.0,2577000.0,1816900.0,,,1223600.0,1816900.0,0.0524212233549583,1984600.0,,,,3.494,7173.0,6405.0,,,4189.0,,7650.0,
92625-CA,1996,4,23956,,,,,,,,,,,,,,,,,,,,,,,,,,,,,,,,,,,,,,,,,,,,,,,215.0,,,,,,,,,,,312000.0,431000.0,587400.0,,433400.0,,,,433400.0,,472600.0,,,,,,,,,,,,
92625-CA,1996,5,23957,,,,,,,,,,,,,,,,,,,,,,,,,,,,,,,,,,,,,,,,,,,,,,,219.0,,,,,,,,,,,316800.0,442800.0,591600.0,,446300.0,,,,446300.0,,483200.0,,,,,,,,,,,,
92625-CA,1996,6,23958,,,,,,,,,,,,,,,,,,,,,,,,,,,,,,,,,,,,,,,,,,,,,,,224.0,,,,,,,,,,,322700.0,455400.0,597100.0,,459000.0,,,,459000.0,,494400.0,,,,,,,,,,,,
92625-CA,1996,7,23959,,,,,,,,,,,,,,,,,,,,,,,,,,,,,,,,,,,,,,,,,,,,,,,229.0,,,,,,,,,,,326300.0,462600.0,603400.0,,467200.0,,,,467200.0,,503300.0,,,,,,,,,,,,
92625-CA,1996,8,23960,,,,,,,,,,,,,,,,,,,,,,,,,,,,,,,,,,,,,,,,,,,,,,,231.0,,,,,,,,,,,330000.0,466500.0,603200.0,,472200.0,,,,472200.0,,509800.0,,,,,,,,,,,,
92625-CA,1996,9,23961,,,,,,,,,,,,,,,,,,,,,,,,,,,,,,,,,,,,,,,,,,,,,,,234.0,,,,,,,,,,,337900.0,469300.0,603500.0,,475700.0,,,,475700.0,,514900.0,,,,,,,,,,,,
92625-CA,1996,10,23962,,,,,,,,,,,,,,,,,,,,,,,,,,,,,,,,,,,,,,,,,,,,,,,237.0,,,,,,,,,,,344700.0,472200.0,607000.0,,478700.0,,,,478700.0,,517500.0,,,,,,,,,,,,
92625-CA,1996,11,23963,,,,,,,,,,,,,,,,,,,,,,,,,,,,,,,,,,,,,,,,,,,,,,,239.0,,,,,,,,,,,351800.0,472600.0,608200.0,,478700.0,,,,478700.0,,518400.0,,,,,,,,,,,,
92625-CA,1996,12,23964,,,,,,,,,,,,,,,,,,,,,,,,,,,,,,,,,,,,,,,,,,,,,,,238.0,,,,,,,,,,,356600.0,472400.0,606700.0,,477400.0,,,,477400.0,,517300.0,,,,,,,,,,,,
92625-CA,1997,1,23965,,,,,,,,,,,,,,,,,,,,,,,,,,,,,,,,,,,,,,,,,,,,,,,237.0,,,,,,,,,,,356900.0,470800.0,606100.0,,475200.0,,,,475200.0,,512700.0,,,,,,,,,,,,
92625-CA,1997,2,23966,,,,,,,,,,,,,,,,,,,,,,,,,,,,,,,,,,,,,,,,,,,,,,,238.0,,,,29.0,66.12,,,,,,356600.0,474100.0,603700.0,750900.0,477700.0,,,,477700.0,,510400.0,,,,,,,,,,,,
92625-CA,1997,3,23967,,,,,,,,,,,,,,,,,,,,,,,,,,,,,,,,,,,,,,,,,,,,,,,240.0,,,,33.24,62.25,,,,,,358900.0,481900.0,606800.0,749200.0,484600.0,,,,484600.0,,513400.0,,,,,,,,,,,,
92625-CA,1997,4,23968,,,,,,,,,,,,,,,,,,,,,,,,,,,,,,,,,,,,,,,,,,,,,,,241.0,,,,39.3,55.82,,,,,,360900.0,488700.0,620200.0,753600.0,491000.0,,,,491000.0,0.132902630364559,518200.0,,,,,,,,,,,,
92625-CA,1997,5,23969,,,,,,,,,,,,,,,,,,,,,,,,,,,,,,,,,,,,,,,,,,,,,,,243.0,,,,33.66,62.2,,,,,,364400.0,491600.0,632100.0,762400.0,493000.0,,,,493000.0,0.104638135783106,522600.0,,,,,,,,,,,,
92625-CA,1997,6,23970,,,,,,,,,,,,,,,,,,,,,,,,,,,,,,,,,,,,,,,,,,,,,,,245.0,,,,40.66,54.77,,,,,,365800.0,496800.0,635200.0,769200.0,496400.0,,,,496400.0,0.0814814814814815,528200.0,,,,,,,,,,,,
92625-CA,1997,7,23971,,,,,,,,,,,,,,,,,,,,,,,,,,,,,,,,,,,,,,,,,,,,,,,246.0,,,,46.32,48.82,,,,,,364200.0,502400.0,637600.0,773100.0,500300.0,,,,500300.0,0.070847602739726,531300.0,,,,,,,,,,,,
92625-CA,1997,8,23972,,,,,,,,,,,,,,,,,,,,,,,,,,,,,,,,,,,,,,,,,,,,,,,246.0,,,,43.75,51.49,,,,,,360500.0,506900.0,644100.0,777100.0,503800.0,,,,503800.0,0.0669207962727658,533800.0,,,,,,,,,,,,
92625-CA,1997,9,23973,,,,,,,,,,,,,,,,,,,,,,,,,,,,,,,,,,,,,,,,,,,,,,,247.0,,,,38.27,57.75,,,,,,356300.0,510900.0,654400.0,783700.0,507200.0,,,,507200.0,0.0662182047508934,538700.0,,,,,,,,,,,,
92625-CA,1997,10,23974,,,,,,,,,,,,,,,,,,,,,,,,,,,,,,,,,,,,,,,,,,,,,,,249.0,,,,31.43,64.41,,,,,,353500.0,516600.0,665200.0,790100.0,512900.0,,,,512900.0,0.071443492792981,545800.0,,,,,,,,,,,,
92625-CA,1997,11,23975,,,,,,,,,,,,,,,,,,,,,,,,,,,,,,,,,,,,,,,,,,,,,,,252.0,,,,25.33,70.63,,,,,,355500.0,523000.0,671700.0,793400.0,518700.0,,,,518700.0,0.083559640693545,551400.0,,,,,,,,,,,,
92625-CA,1997,12,23976,,,,,,,,,,,,,,,,,,,,,,,,,,,,,,,,,,,,,,,,,,,,,,,256.0,,,,18.54,77.96,,,,,,358900.0,529400.0,673900.0,796300.0,525000.0,,,,525000.0,0.0997067448680352,556600.0,,,,,,,,,,,,
92625-CA,1998,1,23977,,,,,,,,,,,,,,,,,,,,,,,,,,,,,,,,,,,,,,,,,,,,,,,259.0,,,,20.16,75.93,,,,,,361400.0,536400.0,671300.0,804400.0,532800.0,,,,532800.0,0.121212121212121,563600.0,,,,,,,,,,,,
92625-CA,1998,2,23978,,,,,,,,,,,,,,,,,,,,,,,,,,,,,,,,,,,,,,,,,,,,,,,261.0,,,,18.93,77.7,,,,,,364200.0,542800.0,670700.0,813100.0,540500.0,,,,540500.0,0.131463261461168,570900.0,,,,,,,,,,,,
92625-CA,1998,3,23979,,,,,,,,,,,,,,,,,,,,,,,,,,,,,,,,,,,,,,,,,,,,,,,266.0,,,,15.53,81.2,,,,,,370300.0,551900.0,663700.0,823800.0,549600.0,,,,549600.0,0.134131242261659,578500.0,,,,,,,,,,,,
92625-CA,1998,7,23983,,,,,,,,,,,,,,,,,,,,,,,,,,,,,,,,,,,,,,,,,,,,,,,274.0,,,,9.16,88.76,,,,,,379300.0,559600.0,656900.0,826400.0,555600.0,,,,555600.0,0.110533679792125,583400.0,,,,,,,,,,,,
92625-CA,1998,8,23984,,,,,,,,,,,,,,,,,,,,,,,,,,,,,,,,,,,,,,,,,,,,,,,279.0,,,,9.08,89.42,,,,,,388000.0,562300.0,660400.0,823700.0,559100.0,,,,559100.0,0.109765780071457,587300.0,,,,,,,,,,,,
92625-CA,1998,9,23985,,,,,,,,,,,,,,,,,,,,,,,,,,,,,,,,,,,,,,,,,,,,,,,279.0,,,,6.09,92.32,,,,,,392500.0,559100.0,676000.0,830200.0,560300.0,,,,560300.0,0.104692429022082,590600.0,,,,,,,,,,,,
92625-CA,1998,10,23986,,,,,,,,,,,,,,,,,,,,,,,,,,,,,,,,,,,,,,,,,,,,,,,279.0,,,,5.39,93.37,,,,,,393600.0,557700.0,685900.0,842700.0,562400.0,,,,562400.0,0.0965100409436537,593400.0,,,,,,,,,,,,
92625-CA,1998,11,23987,,,,,,,,,,,,,,,,,,,,,,,,,,,,,,,,,,,,,,,,,,,,,,,281.0,,,,4.69,93.86,,,,,,398900.0,561200.0,695700.0,845400.0,566600.0,,,449100.0,566600.0,0.0923462502409871,597600.0,,,,,,,,,,,,
92625-CA,1998,12,23988,,,,,,,,,,,,,,,,,,,,,,,,,,,,,,,,,,,,,,,,,,,,,,,286.0,,,,4.59,94.4,,,,,,410500.0,571100.0,712900.0,851200.0,575900.0,,,454600.0,575900.0,0.096952380952381,609100.0,,,,,,,,,,,,
92625-CA,1999,1,23989,,,,,,,,,,,,,,,,,,,,,,,,,,,,,,,,,,,,,,,,,,,,,,,289.0,,,,4.41,94.67,,,,,,420800.0,580600.0,731500.0,866500.0,584100.0,,,458300.0,584100.0,0.0962837837837838,621500.0,,,,,,,,,,,,
92625-CA,1999,2,23990,,,,,,,,,,,,,,,,,,,,,,,,,,,,,,,,,,,,,,,,,,,,,,,291.0,,,,6.96,91.62,,,,,,424300.0,591500.0,751900.0,889800.0,592800.0,,,456800.0,592800.0,0.0967622571692877,635800.0,,,,,,,,,,,,
92625-CA,1999,3,23991,,,,,,,,,,,,,,,,,,,,,,,,,,,,,,,,,,,,,,,,,,,,,,,297.0,,,,10.48,87.44,,,,,,428600.0,606100.0,781000.0,919200.0,603700.0,,,457700.0,603700.0,0.0984352256186317,658400.0,,,,,,,,,,,,
92625-CA,1999,4,23992,,,,,,,,,,,,,,,,,,,,,,,,,,,,,,,,,,,,,,,,,,,,,,,306.0,,,,12.66,84.89,,,,,,445200.0,619300.0,814000.0,946800.0,615200.0,,,469400.0,615200.0,,678900.0,,,,,,,,,,,,
92625-CA,1999,5,23993,,,,,,,,,,,,,,,,,,,,,,,,,,,,,,,,,,,,,,,,,,,,,,,316.0,,,,14.33,82.77,,,,,,463700.0,630400.0,841400.0,963500.0,626800.0,,,486100.0,626800.0,,686900.0,,,,,,,,,,,,
92625-CA,1999,6,23994,,,,,,,,,,,,,,,,,,,,,,,,,,,,,,,,,,,,,,,,,,,,,,,323.0,,,,17.23,80.05,,,,,,475200.0,642100.0,864200.0,975900.0,638400.0,,,493700.0,638400.0,,688100.0,,,,,,,,,,,,
92625-CA,1999,7,23995,,,,,,,,,,,,,,,,,,,,,,,,,,,,,,,,,,,,,,,,,,,,,,,326.0,,,,17.4,77.48,,,,,,477500.0,651300.0,874900.0,984100.0,647700.0,,,486900.0,647700.0,0.165766738660907,689600.0,,,,,,,,,,,,
92625-CA,1999,8,23996,,,,,,,,,,,,,,,,,,,,,,,,,,,,,,,,,,,,,,,,,,,,,,,328.0,,,,21.0,75.01,,,,,,477400.0,656600.0,872900.0,983600.0,654700.0,,,479800.0,654700.0,0.170989089608299,691200.0,,,,,,,,,,,,
92625-CA,1999,9,23997,,,,,,,,,,,,,,,,,,,,,,,,,,,,,,,,,,,,,,,,,,,,,,,330.0,,,,24.79,70.62,,,,,,477700.0,660600.0,869000.0,974000.0,659200.0,,,479800.0,659200.0,0.176512582545065,694600.0,,,,,,,,,,,,
92625-CA,1999,10,23998,,,,,,,,,,,,,,,,,,,,,,,,,,,,,,,,,,,,,,,,,,,,,,,331.0,,,,21.58,73.73,,,,,,480400.0,664900.0,866400.0,963400.0,663300.0,,,481800.0,663300.0,0.179409672830725,702100.0,,,,,,,,,,,,
92625-CA,1999,11,23999,,,,,,,,,,,,,,,,,,,,,,,,,,,,,,,,,,,,,,,,,,,,,,,331.0,,,,21.19,75.21,,,,,,478100.0,668100.0,860700.0,959700.0,666500.0,,,482600.0,666500.0,0.176314860571832,708800.0,,,,,,,,,,,,
92625-CA,1999,12,24000,,,,,,,,,,,,,,,,,,,,,,,,,,,,,,,,,,,,,,,,,,,,,,,329.0,,,,26.11,69.73,,,,,,472200.0,667700.0,848400.0,969900.0,668200.0,,,486200.0,668200.0,0.160270880361174,710500.0,,,,,,,,,,,,
92625-CA,2000,1,24001,,,,,,,,,,,,,,,,,,,,,,,,,,,,,,,,,,,,,,,,,,,,,,,328.0,,,,26.04,70.46,,,,,,466100.0,665100.0,832300.0,988400.0,667900.0,,,488200.0,667900.0,0.14346858414655,707500.0,,,,,,,,,,,,
92625-CA,2000,2,24002,,,,,,,,,,,,,,,,,,,,,,,,,,,,,,,,,,,,,,,,,,,,,,,327.0,,,,26.25,70.15,,,,,,459300.0,665300.0,816300.0,1004200.0,668100.0,,,486300.0,668100.0,0.127024291497976,702700.0,,,,,,,,,,,,
92625-CA,2000,3,24003,,,,,,,,,,,,,,,,,,,,,,,,,,,,,,,,,,,,,,,,,,,,,,,328.0,,,,25.71,70.96,,,,,,456100.0,667700.0,802800.0,1021100.0,669300.0,,,484600.0,669300.0,0.108663243332781,697100.0,,,,,,,,,,,,
92625-CA,2000,4,24004,,,,,,,,,,,,,,,,,,,,,,,,,,,,,,,,,,,,,,,,,,,,,,,329.0,,,,19.43,77.87,,,,,,455600.0,670500.0,800300.0,1033900.0,671200.0,,,483900.0,671200.0,0.0910273081924577,699600.0,,,,,,,,,,,,
92625-CA,2000,5,24005,,,,,,,,,,,,,,,,,,,,,,,,,,,,,,,,,,,,,,,,,,,,,,,334.0,,,,17.11,80.14,,,,,,462300.0,676000.0,815500.0,1046400.0,677400.0,,,487000.0,677400.0,0.0807275047862157,715100.0,,,,,,,,,,,,
92625-CA,2000,6,24006,,,,,,,,,,,,,,,,,,,,,,,,,,,,,,,,,,,,,,,,,,,,,,,339.0,,,,18.77,78.18,,,,,,468500.0,683200.0,842100.0,1067500.0,686200.0,,,485300.0,686200.0,0.074874686716792,737000.0,,,,,,,,,,,,
92625-CA,2000,7,24007,,,,,,,,,,,,,,,,,,,,,,,,,,,,,,,,,,,,,,,,,,,,,,,344.0,,,,17.21,79.91,,,,,,476400.0,691000.0,864700.0,1087000.0,695200.0,,,485500.0,695200.0,0.0733364211826463,756000.0,,,,,,,,,,,,
92625-CA,2000,8,24008,,,,,,,,,,,,,,,,,,,,,,,,,,,,,,,,,,,,,,,,,,,,,,,346.0,,,,20.54,75.87,,,,,,482500.0,696100.0,881100.0,1080900.0,701600.0,,,495100.0,701600.0,0.0716358637543913,765600.0,,,,,,,,,,,,
92625-CA,2000,9,24009,,,,,,,,,,,,,,,,,,,,,,,,,,,,,,,,,,,,,,,,,,,,,,,349.0,,,,26.08,70.83,,,,,,492300.0,702200.0,895000.0,1062500.0,707600.0,,,512100.0,707600.0,0.0734223300970874,767400.0,,,,,,,,,,,,
92625-CA,2000,10,24010,,,,,,,,,,,,,,,,,,,,,,,,,,,,,,,,,,,,,,,,,,,,,,,352.0,,,,28.57,67.68,,,,,,500800.0,711400.0,910100.0,1058200.0,714800.0,,,525000.0,714800.0,0.0776420925674657,767600.0,,,,,,,,,,,,
92625-CA,2000,11,24011,,,,,,,,,,,,,,,,,,,,,,,,,,,,,,,,,,,,,,,,,,,,,,,357.0,,,,29.7,65.69,,,,,,512100.0,725700.0,933100.0,1076800.0,726400.0,,,534100.0,726400.0,0.0898724681170293,774600.0,,,,,,,,,,,,
92625-CA,2000,12,24012,,,,,,,,,,,,,,,,,,,,,,,,,,,,,,,,,,,,,,,,,,,,,,,364.0,,,,26.62,67.99,,,,,,522300.0,741700.0,961200.0,1106200.0,739800.0,,,540500.0,739800.0,0.107153546842263,785900.0,,,,,,,,,,,,
92625-CA,2001,1,24013,,,,,,,,,,,,,,,,,,,,,,,,,,,,,,,,,,,,,,,,,,,,,,,372.0,,,,22.72,72.9,,,,,,535000.0,758300.0,987100.0,1135200.0,755400.0,,,551900.0,755400.0,0.131007635873634,803800.0,,,,,,,,,,,,
92625-CA,2001,2,24014,,,,,,,,,,,,,,,,,,,,,,,,,,,,,,,,,,,,,,,,,,,,,,,380.0,,,,17.89,78.66,,,,,,541200.0,771400.0,1005400.0,1162600.0,770200.0,,,559500.0,770200.0,0.152821433917078,824200.0,,,,,,,,,,,,
92625-CA,2001,3,24015,,,,,,,,,,,,,,,,,,,,,,,,,,,,,,,,,,,,,,,,,,,,,,,387.0,,,,16.82,80.03,,,,,,543200.0,781800.0,1016000.0,1181000.0,782100.0,,,557200.0,782100.0,0.168534289556253,840700.0,,,,,,,,,,,,
92625-CA,2001,4,24016,,,,,,,,,,,,,,,,,,,,,,,,,,,,,,,,,,,,,,,,,,,,,,,393.0,,,,18.82,78.24,,,,,,542600.0,790500.0,1015000.0,1188600.0,790900.0,,,556900.0,790900.0,0.178337306317044,848800.0,,,,,,,,,,,,
92625-CA,2001,5,24017,,,,,,,,,,,,,,,,,,,,,,,,,,,,,,,,,,,,,,,,,,,,,,,394.0,,,,19.35,77.11,,,,,,542800.0,792600.0,1005800.0,1189900.0,792900.0,,,567300.0,792900.0,0.170504871567759,850100.0,,,,,,,,,,,,
92625-CA,2001,6,24018,,,,,,,,,,,,,,,,,,,,,,,,,,,,,,,,,,,,,,,,,,,,,,,390.0,,,,20.81,75.69,,,,,,547800.0,783600.0,993900.0,1182800.0,784100.0,,,574700.0,784100.0,0.142669775575634,844100.0,,,,,,,,,,,,
92625-CA,2001,7,24019,,,,,,,,,,,,,,,,,,,,,,,,,,,,,,,,,,,,,,,,,,,,,,,389.0,,,,24.76,71.46,,,,,,562800.0,778300.0,993300.0,1182700.0,778600.0,,,581500.0,778600.0,0.119965477560414,840600.0,,,,,,,,,,,,
92625-CA,2001,8,24020,,,,,,,,,,,,,,,,,,,,,,,,,,,,,,,,,,,,,,,,,,,,,,,392.0,,,,23.28,73.49,,,,,,569300.0,781900.0,1007400.0,1201200.0,781100.0,,,584400.0,781100.0,0.113312428734322,844000.0,,,,,,,,,,,,
92625-CA,2001,9,24021,,,,,,,,,,,,,,,,,,,,,,,,,,,,,,,,,,,,,,,,,,,,,,,395.0,,,,20.69,75.76,,,,,,564000.0,785300.0,1026200.0,1225900.0,783000.0,,,578400.0,783000.0,0.10655737704918,851700.0,,,,,,,,,,,,
92625-CA,2001,10,24022,,,,,,,,,,,,,,,,,,,,,,,,,,,,,,,,,,,,,,,,,,,,,,,399.0,,,,18.57,78.35,,,,,,561500.0,787400.0,1042600.0,1240400.0,784300.0,,,569900.0,784300.0,0.0972299944040291,863800.0,,,,,,,,,,,,
92625-CA,2001,11,24023,,,,,,,,,,,,,,,,,,,,,,,,,,,,,,,,,,,,,,,,,,,,,,,407.0,,,,19.68,77.28,,,,,,562700.0,796100.0,1059400.0,1250800.0,794200.0,,,564300.0,794200.0,0.0933370044052863,877600.0,,,,,,,,,,,,
92625-CA,2001,12,24024,,,,,,,,,,,,,,,,,,,,,,,,,,,,,,,,,,,,,,,,,,,,,,,416.0,,,,22.02,74.69,,,,,,566200.0,810500.0,1075400.0,1244100.0,810600.0,,,556200.0,810600.0,0.0957015409570154,891600.0,,,,,,,,,,,,
92625-CA,2002,1,24025,,,,,,,,,,,,,,,,,,,,,,,,,,,,,,,,,,,,,,,,,,,,,,,423.0,,,,32.96,62.39,,,,,,573900.0,821800.0,1091000.0,1231900.0,824000.0,,,548600.0,824000.0,0.0908128144029653,908100.0,,,,,,,,,,,,
92625-CA,2002,2,24026,,,,,,,,,,,,,,,,,,,,,,,,,,,,,,,,,,,,,,,,,,,,,,,428.0,,,,51.35,44.5,,,,,,588700.0,829100.0,1102800.0,1226200.0,833900.0,,,554700.0,833900.0,0.0827057907037133,918200.0,,,,,,,,,,,,
92625-CA,2002,3,24027,,,,,,,,,,,,,,,,,,,,,,,,,,,,,,,,,,,,,,,,,,,,,,,433.0,,,,56.47,39.52,,,,,,605300.0,837000.0,1110900.0,1227400.0,847100.0,,,573200.0,847100.0,0.0831095767804629,924300.0,,,,,,,,,,,,
92625-CA,2002,4,24028,,,,,,,,,,,,,,,,,,,,,,,,,,,,,,,,,,,,,,,,,,,,,,,439.0,,,,53.12,41.85,,,,,,621600.0,849200.0,1118700.0,1242500.0,862500.0,,,588200.0,862500.0,0.0905297762043242,936000.0,,,,,,,,,,,,
92625-CA,2002,5,24029,,,,,,,,,,,,,,,,,,,,,,,,,,,,,,,,,,,,,,,,,,,,,,,447.0,,,,51.72,42.71,,,,,,632500.0,865100.0,1130000.0,1279900.0,877800.0,,,599100.0,877800.0,0.107075293227393,953900.0,,,,,,,,,,,,
92625-CA,2002,6,24030,,,,,,,,,,,,,,,,,,,,,,,,,,,,,,,,,,,,,,,,,,,,,,,453.0,,,,42.11,53.12,,,,,,642000.0,876400.0,1140700.0,1335400.0,887500.0,,,618400.0,887500.0,0.131870934829741,968300.0,,,,,,,,,,,,
92625-CA,2002,7,24031,,,,,,,,,,,,,,,,,,,,,,,,,,,,,,,,,,,,,,,,,,,,,,,457.0,,,,35.66,59.3,,,,,,655400.0,877800.0,1148000.0,1382900.0,890100.0,,,642900.0,890100.0,0.143205753917287,981500.0,,,,,,,,,,,,
92625-CA,2002,8,24032,,,,,,,,,,,,,,,,,,,,,,,,,,,,,,,,,,,,,,,,,,,,,,,460.0,,,,9.32,87.97,,,,,,665500.0,878900.0,1150600.0,1402700.0,889800.0,,,656200.0,889800.0,0.139162719242094,990400.0,,,,,,,,,,,,
92625-CA,2002,9,24033,,,,,,,,,,,,,,,,,,,,,,,,,,,,,,,,,,,,,,,,,,,,,,,464.0,,,,10.63,86.16,,,,,,671300.0,892300.0,1154900.0,1401300.0,900600.0,,,667400.0,900600.0,0.150191570881226,999200.0,,,,,,,,,,,,
92625-CA,2002,10,24034,,,,,,,,,,,,,,,,,,,,,,,,,,,,,,,,,,,,,,,,,,,,,,,471.0,,,,10.61,86.67,,,,,,684200.0,913100.0,1167800.0,1408000.0,919200.0,,,684500.0,919200.0,0.172000510008925,1005400.0,,,,,,,,,,,,
92625-CA,2002,11,24035,,,,,,,,,,,,,,,,,,,,,,,,,,,,,,,,,,,,,,,,,,,,,,,480.0,,,,10.7,86.82,,,,,,706500.0,930200.0,1179100.0,1423600.0,936000.0,,,703300.0,936000.0,0.178544447242508,1012100.0,,,,,,,,,,,,
92625-CA,2002,12,24036,,,,,,,,,,,,,,,,,,,,,,,,,,,,,,,,,,,,,,,,,,,,,,,487.0,,,,9.8,88.12,,,,,,717400.0,939800.0,1182800.0,1442300.0,945200.0,,,711400.0,945200.0,0.166049839624969,1018200.0,,,,,,,,,,,,
92625-CA,2003,1,24037,,,,,,,,,,,,,,,,,,,,,,,,,,,,,,,,,,,,,,,,,,,,,,,491.0,,,,9.57,88.5,,,,,,719300.0,948800.0,1187800.0,1461100.0,954500.0,,,718800.0,954500.0,0.158373786407767,1023200.0,,,,,,,,,,,,
92625-CA,2003,2,24038,,,,,,,,,,,,,,,,,,,,,,,,,,,,,,,,,,,,,,,,,,,,,,,496.0,,,,8.69,89.34,,,,,,727100.0,957300.0,1213000.0,1479500.0,963600.0,,,730300.0,963600.0,0.155534236719031,1028300.0,,,,,,,,,,,,
92625-CA,2003,3,24039,,,,,,,,,,,,,,,,,,,,,,,,,,,,,,,,,,,,,,,,,,,,,,,503.0,,,,7.58,89.59,,,,,,742300.0,967400.0,1246700.0,1491400.0,972800.0,,,745800.0,972800.0,0.148388619997639,1042000.0,,,,,,,,,,,,
92625-CA,2003,4,24040,,,,,,,,,,,,,,,,,,,,,,,,,,,,,,,,,,,,,,,,,,,,,,,508.0,,,,8.09,88.54,,,,,,750700.0,976200.0,1275200.0,1497200.0,980400.0,,,761200.0,980400.0,0.136695652173913,1053900.0,,,,,,,,,,,,
92625-CA,2003,5,24041,,,,,,,,,,,,,,,,,,,,,,,,,,,,,,,,,,,,,,,,,,,,,,,513.0,,,,6.54,89.63,,,,,,748500.0,983700.0,1292900.0,1518000.0,987700.0,,,762300.0,987700.0,0.125199362041467,1060600.0,,,,,,,,,,,,
92625-CA,2003,6,24042,,,,,,,,,,,,,,,,,,,,,,,,,,,,,,,,,,,,,,,,,,,,,,,517.0,,,,7.12,89.61,,,,,,737700.0,993800.0,1306300.0,1538300.0,997800.0,,,744300.0,997800.0,0.124281690140845,1070100.0,,,,,,,,,,,,
92625-CA,2003,7,24043,,,,,,,,,,,,,,,,,,,,,,,,,,,,,,,,,,,,,,,,,,,,,,,524.0,,,,4.42,92.19,,,,,,727200.0,1013100.0,1315000.0,1553000.0,1015400.0,,,724300.0,1015400.0,0.140770699921357,1089200.0,,,,,,,,,,,,
92625-CA,2003,8,24044,,,,,,,,,,,,,,,,,,,,,,,,,,,,,,,,,,,,,,,,,,,,,,,537.0,,,,3.73,92.83,,,,,,741000.0,1038200.0,1326700.0,1572000.0,1040700.0,,,725800.0,1040700.0,0.169588671611598,1117300.0,,,,,,,,,,,,
92625-CA,2003,9,24045,,,,,,,,,,,,,,,,,,,,,,,,,,,,,,,,,,,,,,,,,,,,,,,554.0,,,,3.12,95.06,,,,,,771500.0,1063300.0,1341000.0,1612300.0,1069200.0,,,739800.0,1069200.0,0.187208527648235,1151200.0,,,,,,,,,,,,
92625-CA,2003,10,24046,,,,,,,,,,,,,,,,,,,,,,,,,,,,,,,,,,,,,,,,,,,,,,,569.0,,,,2.64,96.17,,,,,,799200.0,1082400.0,1358500.0,1668900.0,1092600.0,,,752500.0,1092600.0,0.188642297650131,1185500.0,,,,,,,,,,,,
92625-CA,2003,11,24047,,,,,,,,,,,,,,,,,,,,,,,,,,,,,,,,,,,,,,,,,,,,,,,581.0,,,,2.79,95.98,,,,,,822100.0,1104200.0,1378000.0,1735700.0,1115200.0,,,764200.0,1115200.0,0.191452991452991,1218000.0,,,,,,,,,,,,
92625-CA,2003,12,24048,,,,,,,,,,,,,,,,,,,,,,,,,,,,,,,,,,,,,,,,,,,,,,,596.0,,,,2.58,95.96,,,,,,846600.0,1133200.0,1398100.0,1789700.0,1142900.0,,,783400.0,1142900.0,0.209162082099027,1246800.0,,,,,,,,,,,,
92625-CA,2004,1,24049,,,,,,,,,,,,,,,,,,,,,,,,,,,,,,,,,,,,,,,,,,,,,,,609.0,,,,2.21,96.58,,,,,,864400.0,1161200.0,1418600.0,1823300.0,1169000.0,,,796400.0,1169000.0,0.224724986904138,1267900.0,,,,,,,,,,,,
92625-CA,2004,2,24050,,,,,,,,,,,,,,,,,,,,,,,,,,,,,,,,,,,,,,,,,,,,,,,620.0,,,,1.94,97.08,,,,,,877300.0,1184300.0,1439500.0,1849800.0,1190400.0,,,818900.0,1190400.0,0.235367372353674,1291200.0,,,,,,,,,,,,
92625-CA,2004,3,24051,,,,,,,,,,,,,,,,,,,,,,,,,,,,,,,,,,,,,,,,,,,,,,,630.0,,,,1.04,98.35,,,,,,887200.0,1204500.0,1460900.0,1888900.0,1210000.0,,,851900.0,1210000.0,0.243832236842105,1315700.0,,,,,,,,,,,,
92625-CA,2004,4,24052,,,,,,,,,,,,,,,,,,,,,,,,,,,,,,,,,,,,,,,,,,,,,,,642.0,,,,0.73,98.94,,,,,,900900.0,1235200.0,1493200.0,1947600.0,1240100.0,,,873600.0,1240100.0,0.264891880864953,1348800.0,,,,,,,,,,,,
92625-CA,2004,5,24053,,,,,,,,,,,,,,,,,,,,,,,,,,,,,,,,,,,,,,,,,,,,,,,657.0,,,,0.58,99.12,,,,,,914200.0,1273500.0,1539900.0,1986200.0,1277400.0,,,879000.0,1277400.0,0.293307684519591,1390400.0,,,,,,,,,,,,
92625-CA,2004,6,24054,,,,,,,,,,,,,,,,,,,,,,,,,,,,,,,,,,,,,,,,,,,,,,,675.0,,,,0.6,99.19,,,,,,930400.0,1319100.0,1590000.0,1994800.0,1321300.0,,,880400.0,1321300.0,0.324213269192223,1434700.0,,,,,,,,,,,,
92625-CA,2004,7,24055,,,,,,,,,,,,,,,,,,,,,,,,,,,,,,,,,,,,,,,,,,,,,,,691.0,,,,0.79,98.98,,,,,,951200.0,1362200.0,1634600.0,1997100.0,1363200.0,,,884100.0,1363200.0,0.34252511325586,1467600.0,,,,,,,,,,,,
92625-CA,2004,8,24056,,,,,,,,,,,,,,,,,,,,,,,,,,,,,,,,,,,,,,,,,,,,,,,703.0,,,,1.73,97.23,,,,,,973900.0,1392400.0,1665300.0,2013300.0,1392000.0,,,894200.0,1392000.0,0.337561256846353,1485400.0,,,,,,,,,,,,
92625-CA,2004,9,24057,,,,,,,,,,,,,,,,,,,,,,,,,,,,,,,,,,,,,,,,,,,,,,,713.0,,,,3.21,95.71,,,,,,999400.0,1408800.0,1685700.0,2025300.0,1406300.0,,,922800.0,1406300.0,0.315282454171343,1496600.0,,,,,,,,,,,,
92625-CA,2004,10,24058,,,,,,,,,,,,,,,,,,,,,,,,,,,,,,,,,,,,,,,,,,,,,,,718.0,,,,4.17,94.39,,,,,,1021200.0,1418900.0,1696500.0,2016800.0,1415100.0,,,961700.0,1415100.0,0.295167490389896,1507000.0,,,,,,,,,,,,
92625-CA,2004,11,24059,,,,,,,,,,,,,,,,,,,,,,,,,,,,,,,,,,,,,,,,,,,,,,,716.0,,,,6.0,92.06,,,,,,1025400.0,1413400.0,1699800.0,1994400.0,1410300.0,,,1003300.0,1410300.0,0.264616212338594,1512000.0,,,,,,,,,,,,
92625-CA,2004,12,24060,,,,,,,,,,,,,,,,,,,,,,,,,,,,,,,,,,,,,,,,,,,,,,,710.0,,,,6.73,91.31,,,,,,1028600.0,1393400.0,1696600.0,1974400.0,1391100.0,,,1037800.0,1391100.0,0.217166856242891,1504100.0,,,,,,,,,,,,
92625-CA,2005,1,24061,,,,,,,,,,,,,,,,,,,,,,,,,,,,,,,,,,,,,,,,,,,,,,,711.0,,,,6.3,91.64,,,,,,1043700.0,1388800.0,1697500.0,1969800.0,1385700.0,,,1078200.0,1385700.0,0.185372112917023,1502500.0,,,,,,,,,,,,
92625-CA,2005,2,24062,,,,,,,,,,,,,,,,,,,,,,,,,,,,,,,,,,,,,,,,,,,,,,,718.0,,,,7.4,90.4,,,,,,1054700.0,1404200.0,1699600.0,1965300.0,1400800.0,,,1098700.0,1400800.0,0.176747311827957,1515200.0,,,,,,,,,,,,
92625-CA,2005,3,24063,,,,,,,,,,,,,,,,,,,,,,,,,,,,,,,,,,,,,,,,,,,,,,,724.0,,,,8.86,88.1,,,,,,1056800.0,1421200.0,1710100.0,1959600.0,1418300.0,,,1088900.0,1418300.0,0.172148760330579,1525600.0,,,,,,,,,,,,
92625-CA,2005,4,24064,,,,,,,,,,,,,,,,,,,,,,,,,,,,,,,,,,,,,,,,,,,,,,,728.0,,,,9.17,87.0,,,,,,1066400.0,1426700.0,1725300.0,1944400.0,1428200.0,,,1077900.0,1428200.0,0.151681316022901,1525400.0,,,,,,,,,,,,
92625-CA,2005,5,24065,,,,,,,,,,,,,,,,,,,,,,,,,,,,,,,,,,,,,,,,,,,,,,,736.0,,,,11.95,84.09,,,,,,1094800.0,1434700.0,1744000.0,1933500.0,1442000.0,,,1087800.0,1442000.0,0.12885548770941,1537300.0,,,,,,,,,,,,
92625-CA,2005,6,24066,,,,,,,,,,,,,,,,,,,,,,,,,,,,,,,,,,,,,,,,,,,,,,,748.0,,,,10.85,85.61,,,,,,1131600.0,1447800.0,1762300.0,1939900.0,1459800.0,,,1106600.0,1459800.0,0.104821009611746,1561400.0,,,,,,,,,,,,
92625-CA,2005,7,24067,,,,,,,,,,,,,,,,,,,,,,,,,,,,,,,,,,,,,,,,,,,,,,,760.0,,,,8.71,88.47,,,,,,1154200.0,1465800.0,1787500.0,1968700.0,1478800.0,,,1125100.0,1478800.0,0.0848004694835681,1587100.0,,,,,,,,,,,,
92625-CA,2005,8,24068,,,,,,,,,,,,,,,,,,,,,,,,,,,,,,,,,,,,,,,,,,,,,,,778.0,,,,5.47,92.8,,,,,,1170200.0,1499600.0,1834900.0,2017300.0,1512200.0,,,1145800.0,1512200.0,0.0863505747126437,1630200.0,,,,,,,,,,,,
92625-CA,2005,9,24069,,,,,,,,,,,,,,,,,,,,,,,,,,,,,,,,,,,,,,,,,,,,,,,799.0,,,,3.77,94.65,,,,,,1188200.0,1540700.0,1893600.0,2087100.0,1552400.0,,,1160000.0,1552400.0,0.103889639479485,1680100.0,,,,,,,,,,,,
92625-CA,2005,10,24070,,,,,,,,,,,,,,,,,,,,,,,,,,,,,,,,,,,,,,,,,,,,,,,819.0,,,,12.0,84.55,,,,,,1205800.0,1575400.0,1951300.0,2162200.0,1587100.0,,,1164000.0,1587100.0,0.121546180481945,1718000.0,,,,,,,,,,,,
92625-CA,2005,11,24071,,,,,,,,,,,,,,,,,,,,,,,,,,,,,,,,,,,,,,,,,,,,,,,831.0,,,,10.61,87.01,,,,,,1210200.0,1603200.0,2002200.0,2219800.0,1614400.0,,,1163100.0,1614400.0,0.144720981351486,1746500.0,,,,,,,,,,,,
92625-CA,2005,12,24072,,,,,,,,,,,,,,,,,,,,,,,,,,,,,,,,,,,,,,,,,,,,,,,844.0,,,,11.0,87.3,,,,,,1210600.0,1635500.0,2053300.0,2269500.0,1646200.0,,,1165400.0,1646200.0,0.183380058946158,1784700.0,,,,,,,,,,,,
92625-CA,2006,1,24073,,,,,,,,,,,,,,,,,,,,,,,,,,,,,,,,,,,,,,,,,,,,,,,857.0,,,,11.7,86.7,,,,,,1221500.0,1659500.0,2088700.0,2314900.0,1671100.0,,,1176200.0,1671100.0,0.205960886194703,1816000.0,,,,,,,,,,,,
92625-CA,2006,2,24074,,,,,,,,,,,,,,,,,,,,,,,,,,,,,,,,,,,,,,,,,,,,,,,864.0,,,,11.54,86.6,,,,,,1246200.0,1672700.0,2114900.0,2358800.0,1683600.0,,,1189700.0,1683600.0,0.201884637350086,1834000.0,,,,,,,,,,,,
92625-CA,2006,3,24075,,,,,,,,,,,,,,,,,,,,,,,,,,,,,,,,,,,,,,,,,,,,,,,864.0,,,,10.38,87.56,,,,,,1265300.0,1670500.0,2129500.0,2379000.0,1680200.0,,,1193500.0,1680200.0,0.184657688782345,1843300.0,,,,,,,,,,,,
92625-CA,2006,4,24076,,,,,,,,,,,,,,,,,,,,,,,,,,,,,,,,,,,,,,,,,,,,,,,862.0,,,,9.88,88.14,,,,,,1266500.0,1665400.0,2137100.0,2379900.0,1672700.0,,,1191800.0,1672700.0,0.171194510572749,1855800.0,,,,,,,,,,,,
92625-CA,2006,5,24077,,,,,,,,,,,,,,,,,,,,,,,,,,,,,,,,,,,,,,,,,,,,,,,858.0,,,,10.72,86.7,,,,,,1264600.0,1665900.0,2124000.0,2382900.0,1668900.0,,,1199600.0,1668900.0,0.157350901525659,1856100.0,,,,,,,,,,,,
92625-CA,2006,6,24078,,,,,,,,,,,,,,,,,,,,,,,,,,,,,,,,,,,,,,,,,,,,,,,854.0,,,,12.96,84.14,,,,,,1265800.0,1672600.0,2103700.0,2390600.0,1668900.0,,,1211200.0,1668900.0,0.143238799835594,1845300.0,,,,,,,,,,,,
92625-CA,2006,7,24079,,,,,,,,,,,,,,,,,,,,,,,,,,,,,,,,,,,,,,,,,,,,,,,848.0,,,,14.92,80.96,,,,,,1258300.0,1665900.0,2089000.0,2379200.0,1660800.0,,,1215100.0,1660800.0,0.123072761698675,1828800.0,,,,,,,,,,,,
92625-CA,2006,8,24080,,,,,,,,,,,,,,,,,,,,,,,,,,,,,,,,,,,,,,,,,,,,,,,838.0,,,,16.4,79.14,,,,,,1245700.0,1648300.0,2069200.0,2373400.0,1646500.0,,,1212100.0,1646500.0,0.0888110038354715,1807500.0,,,,,,,,,,,,
92625-CA,2006,9,24081,,,,,,,,,,,,,,,,,,,,,,,,,,,,,,,,,,,,,,,,,,,,,,,826.0,,,,24.04,68.79,,,,,,1236100.0,1632600.0,2036200.0,2376500.0,1634000.0,,,1205800.0,1634000.0,0.0525637722236537,1784900.0,,,,,,,,,,,,
92625-CA,2006,10,24082,,,,,,,,,,,,,,,,,,,,,,,,,,,,,,,,,,,,,,,,,,,,,,,818.0,,,,31.69,59.73,,,,,,1227800.0,1626600.0,2007000.0,2363300.0,1629400.0,,,1199400.0,1629400.0,0.0266523848528763,1772100.0,,,,,,,,,,,,
92625-CA,2006,11,24083,,,,,,,,,,,,,,,,,,,,,,,,,,,,,,,,,,,,,,,,,,,,,,,815.0,,,,40.91,48.83,,,,,,1225200.0,1621500.0,1994900.0,2340900.0,1625300.0,,,1198700.0,1625300.0,0.00675173439048563,1763100.0,,,,,,,,,,,,
92625-CA,2006,12,24084,,,,,,,,,,,,,,,,,,,,,,,,,,,,,,,,,,,,,,,,,,,,,,,813.0,,,,47.79,41.79,,,,,,1235300.0,1622000.0,1974400.0,2320700.0,1626400.0,,,1205500.0,1626400.0,-0.0120277001579395,1753100.0,,,,,,,,,,,,
92625-CA,2007,1,24085,,,,,,,,,,,,,,,,,,,,,,,,,,,,,,,,,,,,,,,,,,,,,,,811.0,,,,56.51,29.69,,,,,,1245500.0,1622100.0,1947000.0,2291900.0,1626000.0,,,1204800.0,1626000.0,-0.0269882113577883,1745600.0,,,,,,,,,,,,
92625-CA,2007,2,24086,,,,,,,,,,,,,,,,,,,,,,,,,,,,,,,,,,,,,,,,,,,,,,,812.0,,,,64.67,21.16,,,,,,1254000.0,1622400.0,1934900.0,2269200.0,1627400.0,,,1197000.0,1627400.0,-0.0333808505583274,1746700.0,,,,,,,,,,,,
92625-CA,2007,3,24087,,,,,,,,,,,,,,,,,,,,,,,,,,,,,,,,,,,,,,,,,,,,,,,813.0,,,,70.45,20.7,,,,,,1250000.0,1622900.0,1938000.0,2273700.0,1628900.0,,,1193300.0,1628900.0,-0.0305320795143435,1745900.0,,,,,,,,,,,,
92625-CA,2007,4,24088,,,,,,,,,,,,,,,,,,,,,,,,,,,,,,,,,,,,,,,,,,,,,,,814.0,,,,72.07,18.0,,,,,,1241600.0,1627600.0,1939500.0,2272000.0,1630800.0,,,1201600.0,1630800.0,-0.0250493214563281,1744100.0,,,,,,,,,,,,
92625-CA,2007,5,24089,,,,,,,,,,,,,,,,,,,,,,,,,,,,,,,,,,,,,,,,,,,,,,,811.0,,,,70.37,20.66,,,,,,1233400.0,1619000.0,1944000.0,2250300.0,1617300.0,,,1210700.0,1617300.0,-0.0309185691173827,1735500.0,,,,,,,,,,,,
92625-CA,2007,6,24090,,,,,,,,,,,,,,,,,,,,,,,,,,,,,,,,,,,,,,,,,,,,,,,808.0,,,,74.29,16.92,,,,,,1235500.0,1604800.0,1951400.0,2223000.0,1604000.0,,,1224100.0,1604000.0,-0.0388878902270957,1730200.0,,,,,,,,,,,,
92625-CA,2007,7,24091,,,,,,,,,,,,,,,,,,,,,,,,,,,,,,,,,,,,,,,,,,,,,,,805.0,,,,72.31,18.56,,,,,,1243200.0,1594000.0,1943900.0,2214300.0,1593400.0,,,1233600.0,1593400.0,-0.0405828516377649,1721600.0,,,,,,,,,,,,
92625-CA,2007,8,24092,,,,,,,,,,,,,,,,,,,,,,,,,,,,,,,,,,,,,,,,,,,,,,,800.0,,,,72.23,19.34,,,,,,1241300.0,1582400.0,1928000.0,2202100.0,1579500.0,,,1226900.0,1579500.0,-0.0406923777710295,1712800.0,,,,,,,,,,,,
92625-CA,2007,9,24093,,,,,,,,,,,,,,,,,,,,,,,,,,,,,,,,,,,,,,,,,,,,,,,792.0,,,,80.8,11.06,,,,,,1217900.0,1557000.0,1921000.0,2178600.0,1556100.0,,,1196500.0,1556100.0,-0.0476744186046512,1702000.0,,,,,,,,,,,,
92625-CA,2007,10,24094,,,,,,,,,,,,,,,,,,,,,,,,,,,,,,,,,,,,,,,,,,,,,,,784.0,,,,84.06,8.9,,,,,,1186700.0,1539400.0,1918600.0,2147100.0,1539500.0,,,1155000.0,1539500.0,-0.0551736835645023,1697100.0,,,,,,,,,,,,
92625-CA,2007,11,24095,,,,,,,,,,,,,,,,,,,,,,,,,,,,,,,,,,,,,,,,,,,,,,,777.0,,,,88.64,6.24,,,,,,1158200.0,1528700.0,1908200.0,2116600.0,1527200.0,,,1121700.0,1527200.0,-0.0603580877376484,1686600.0,,,,,,,,,,,,
92625-CA,2007,12,24096,,,,,,,,,,,,,,,,,,,,,,,,,,,,,,,,,,,,,,,,,,,,,,,768.0,,,,88.66,6.82,,,,,,1132100.0,1506500.0,1904200.0,2089700.0,1508100.0,,,1111700.0,1508100.0,-0.0727373339891786,1675500.0,,,,,,,,,,,,
92625-CA,2008,1,24097,,,,,,,,,,,,,,,,,,,,,,,,,,,,,,,,,,,,,,,,,,,,,,,757.0,,,,90.46,5.74,,,,,,1103300.0,1487800.0,1901000.0,2055200.0,1492000.0,,,1097800.0,1492000.0,-0.0824108241082411,1662400.0,,,,,,,,,,,,
92625-CA,2008,2,24098,,,,,,,,,,,,,,,,,,,,,,,,,,,,,,,,,,,,,,,,,,,,,,,747.0,,,,91.64,4.2,,,,,,1071100.0,1484400.0,1873500.0,2009600.0,1485400.0,,,1067100.0,1485400.0,-0.0872557453606981,1644600.0,,,,,,,,,,,,
92625-CA,2008,3,24099,,,,,,,,,,,,,,,,,,,,,,,,,,,,,,,,,,,,,,,,,,,,,,,740.0,,,,95.08,2.4,,,,,,1049000.0,1486400.0,1830700.0,1967500.0,1485000.0,,,1035900.0,1485000.0,-0.0883418257719934,1625900.0,,,,,,,,,,,,
92625-CA,2008,4,24100,,,,,,,,,,,,,,,,,,,,,,,,,,,,,,,,,,,,,,,,,,,,,,,734.0,,,,94.38,3.28,,,,,,1041800.0,1482500.0,1798500.0,1943200.0,1479000.0,,,1013800.0,1479000.0,-0.0930831493745401,1607500.0,,,,,,,,,,,,
92625-CA,2008,5,24101,,,,,,,,,,,,,,,,,,,,,,,,,,,,,,,,,,,,,,,,,,,,,,,727.0,,,,94.12,3.8,,,,,,1032600.0,1474900.0,1779200.0,1924000.0,1468700.0,,,992600.0,1468700.0,-0.0918815309466395,1581100.0,,,,,,,,,,,,
92625-CA,2008,6,24102,,,,,,,,,,,,,,,,,,,,,,,,,,,,,,,,,,,,,,,,,,,,,,,718.0,,,,87.62,4.94,,,,,,1014600.0,1461700.0,1760300.0,1914500.0,1456300.0,,,978600.0,1456300.0,-0.0920822942643392,1556600.0,,,,,,,,,,,,
92625-CA,2008,7,24103,,,,,,,,,,,,,,,,,,,,,,,,,,,,,,,,,,,,,,,,,,,,,,,711.0,,,,86.84,5.62,,,,,,999700.0,1452300.0,1738000.0,1903000.0,1448800.0,,,967400.0,1448800.0,-0.090749341031756,1539800.0,,,,,,,,,,,,
92625-CA,2008,8,24104,,,,,,,,,,,,,,,,,,,,,,,,,,,,,,,,,,,,,,,,,,,,,,,703.0,,,,85.76,6.64,,,,,,989100.0,1444300.0,1717900.0,1885800.0,1440900.0,,,958000.0,1440900.0,-0.0877492877492878,1522800.0,,,,,,,,,,,,
92625-CA,2008,9,24105,,,,,,,,,,,,,,,,,,,,,,,,,,,,,,,,,,,,,,,,,,,,,,,694.0,,,,84.96,7.64,,,,,,976000.0,1433100.0,1705000.0,1862500.0,1430500.0,,,953100.0,1430500.0,-0.0807146070303965,1505900.0,,,,,,,,,,,,
92625-CA,2008,10,24106,,,,,,,,,,,,,,,,,,,,,,,,,,,,,,,,,,,,,,,,,,,,,,,686.0,,,,85.02,12.84,,,,,,964600.0,1412600.0,1695800.0,1843300.0,1413900.0,,,950900.0,1413900.0,-0.0815849301721338,1500400.0,,,,,,,,,,,,
92625-CA,2008,11,24107,,,,,,,,,,,,,,,,,,,,,,,,,,,,,,,,,,,,,,,,,,,,,,,676.0,,,,84.12,13.76,,,,,,957000.0,1387100.0,1679000.0,1807000.0,1390600.0,,,934500.0,1390600.0,-0.0894447354635935,1494100.0,,,,,,,,,,,,
92625-CA,2008,12,24108,,,,,,,,,,,,,,,,,,,,,,,,,,,,,,,,,,,,,,,,,,,,,,,684.0,,,,83.1,14.48,,,,,,974100.0,1387300.0,1689300.0,1821800.0,1389900.0,,,931900.0,1389900.0,-0.078376765466481,1504500.0,,,,,,,,,,,,
92625-CA,2009,1,24109,,,,,,,,,,,,,,,,,,,,,,,,,,,,,,,,,,,,,,,,,,,,,,,707.0,,,,66.07,28.31,,,,,,1009400.0,1397000.0,1729500.0,1890300.0,1399700.0,,,952000.0,1399700.0,-0.0618632707774799,1521600.0,,,,,,,,,,,,
92625-CA,2009,2,24110,,,,,,,,,,,,,,,,,,,,,,,,,,,,,,,,,,,,,,,,,,,,,,,718.0,,,,56.58,37.31,,,,,,1027800.0,1391100.0,1754000.0,1939000.0,1396100.0,,,964700.0,1396100.0,-0.0601184866029352,1524700.0,,,,,,,,,,,,
92625-CA,2009,3,24111,,,,,,,,,,,,,,,,,,,,,,,,,,,,,,,,,,,,,,,,,,,,,,,709.0,,,,51.8,41.84,,,,,,1038300.0,1373200.0,1730500.0,1911700.0,1382600.0,,,953000.0,1382600.0,-0.068956228956229,1509700.0,,,,,,,,,,,,
92625-CA,2009,4,24112,,,,,,,,,,,,,,,,,,,,,,,,,,,,,,,,,,,,,,,,,,,,,,,704.0,,,,50.04,45.14,,,,,,1057300.0,1361500.0,1698900.0,1889500.0,1379400.0,,,942800.0,1379400.0,-0.067342799188641,1502700.0,,,,,,,,,,,,
92625-CA,2009,5,24113,,,,,,,,,,,,,,,,,,,,,,,,,,,,,,,,,,,,,,,,,,,,,,,707.0,,,,46.72,48.78,,,,,,1085900.0,1360600.0,1682300.0,1896000.0,1386400.0,,,942600.0,1386400.0,-0.0560359501600054,1505800.0,,,,,,,,,,,,
92625-CA,2009,6,24114,,,,,,,,,,,,,,,,,,,,,,,,,,,,,,,,,,,,,,,,,,,,,,,717.0,,,,41.06,54.58,,,,,,1107200.0,1374100.0,1690800.0,1929300.0,1399300.0,,,948200.0,1399300.0,-0.0391402870287715,1519000.0,,,,,,,,,,,,
92625-CA,2009,7,24115,,,,,,,,,,,,,,,,,,,,,,,,,,,,,,,,,,,,,,,,,,,,,,,722.0,,,,38.2,57.24,,,,,,1109500.0,1378700.0,1715600.0,1970700.0,1399300.0,,,950000.0,1399300.0,-0.0341662065157372,1525600.0,,,,,,,,,,,,
92625-CA,2009,8,24116,,,,,,,,,,,,,,,,,,,,,,,,,,,,,,,,,,,,,,,,,,,,,,,720.0,,,,36.53,58.72,,,,,,1098600.0,1373200.0,1721000.0,1989700.0,1389200.0,,,947100.0,1389200.0,-0.0358803525574294,1517500.0,,,,,,,,,,,,
92625-CA,2009,9,24117,,,,,,,,,,,,,,,,,,,,,,,,,,,,,,,,,,,,,,,,,,,,,,,714.0,,,,36.23,59.16,,,,,,1107000.0,1379300.0,1687600.0,1967000.0,1387200.0,,,945600.0,1387200.0,-0.0302691366655016,1507700.0,,,,,,,,,,,,
92625-CA,2009,10,24118,,,,,,,,,,,,,,,,,,,,,,,,,,,,,,,,,,,,,,,,,,,,,,,710.0,,,,35.51,60.0,,,,,,1119600.0,1392900.0,1652700.0,1932200.0,1392200.0,,,947000.0,1392200.0,-0.0153476200579956,1506200.0,,,,,,,,,,,,
92625-CA,2009,11,24119,,,,,,,,,,,,,,,,,,,,,,,,,,,,,,,,,,,,,,,,,,,,,,,712.0,,,,34.95,61.14,,,,,,1137300.0,1407500.0,1647500.0,1937200.0,1408200.0,,,958400.0,1408200.0,0.0126564073061988,1522600.0,,,,,,,,,,,,
92625-CA,2009,12,24120,,,,,,,,,,,,,,,,,,,,,,,,,,,,,,,,,,,,,,,,,,,,,,,689.0,,,,34.69,61.4,,,,,,1103000.0,1381200.0,1632000.0,1881900.0,1383700.0,,,927100.0,1383700.0,-0.00446075257212749,1503000.0,,,,,,,,,,,,
